1164 400 400
88 325 -1 0 0
91 324 -1 0 0
90 324 -1 0 0
89 324 -1 0 0
88 324 -1 0 0
87 324 -1 0 0
86 324 -1 0 0
85 324 -1 0 0
92 323 -1 0 0
91 323 -1 0 0
90 323 -1 0 0
89 323 -1 0 0
88 323 -1 0 0
87 323 -1 0 0
86 323 -1 0 0
85 323 -1 0 0
84 323 -1 0 0
92 322 -1 0 0
91 322 -1 0 0
90 322 -1 0 0
89 322 -1 0 0
88 322 -1 0 0
87 322 -1 0 0
86 322 -1 0 0
85 322 -1 0 0
84 322 -1 0 0
92 321 -1 0 0
91 321 -1 0 0
90 321 -1 0 0
89 321 -1 0 0
88 321 -1 0 0
87 321 -1 0 0
86 321 -1 0 0
85 321 -1 0 0
84 321 -1 0 0
93 320 -1 0 0
92 320 -1 0 0
91 320 -1 0 0
90 320 -1 0 0
89 320 -1 0 0
88 320 -1 0 0
87 320 -1 0 0
86 320 -1 0 0
85 320 -1 0 0
84 320 -1 0 0
83 320 -1 0 0
92 319 -1 0 0
91 319 -1 0 0
90 319 -1 0 0
89 319 -1 0 0
88 319 -1 0 0
87 319 -1 0 0
86 319 -1 0 0
85 319 -1 0 0
84 319 -1 0 0
92 318 -1 0 0
91 318 -1 0 0
90 318 -1 0 0
89 318 -1 0 0
88 318 -1 0 0
87 318 -1 0 0
86 318 -1 0 0
85 318 -1 0 0
84 318 -1 0 0
92 317 -1 0 0
91 317 -1 0 0
90 317 -1 0 0
89 317 -1 0 0
88 317 -1 0 0
87 317 -1 0 0
86 317 -1 0 0
85 317 -1 0 0
84 317 -1 0 0
91 316 -1 0 0
90 316 -1 0 0
89 316 -1 0 0
88 316 -1 0 0
87 316 -1 0 0
86 316 -1 0 0
85 316 -1 0 0
88 315 -1 0 0
311 246 -1 0 0
223 246 -1 1 0
314 245 -1 0 0
313 245 -1 0 0
312 245 -1 0 0
311 245 -1 0 0
310 245 -1 0 0
309 245 -1 0 0
308 245 -1 0 0
226 245 -1 1 0
225 245 -1 1 0
224 245 -1 1 0
223 245 -1 1 0
222 245 -1 1 0
221 245 -1 1 0
220 245 -1 1 0
315 244 -1 0 0
314 244 -1 0 0
313 244 -1 0 0
312 244 -1 0 0
311 244 -1 0 0
310 244 -1 0 0
309 244 -1 0 0
308 244 -1 0 0
307 244 -1 0 0
227 244 -1 1 0
226 244 -1 1 0
225 244 -1 1 0
224 244 -1 1 0
223 244 -1 1 0
222 244 -1 1 0
221 244 -1 1 0
220 244 -1 1 0
219 244 -1 1 0
315 243 -1 0 0
314 243 -1 0 0
313 243 -1 0 0
312 243 -1 0 0
311 243 -1 0 0
310 243 -1 0 0
309 243 -1 0 0
308 243 -1 0 0
307 243 -1 0 0
227 243 -1 1 0
226 243 -1 1 0
225 243 -1 1 0
224 243 -1 1 0
223 243 -1 1 0
222 243 -1 1 0
221 243 -1 1 0
220 243 -1 1 0
219 243 -1 1 0
315 242 -1 0 0
314 242 -1 0 0
313 242 -1 0 0
312 242 -1 0 0
311 242 -1 0 0
310 242 -1 0 0
309 242 -1 0 0
308 242 -1 0 0
307 242 -1 0 0
227 242 -1 1 0
226 242 -1 1 0
225 242 -1 1 0
224 242 -1 1 0
223 242 -1 1 0
222 242 -1 1 0
221 242 -1 1 0
220 242 -1 1 0
219 242 -1 1 0
316 241 -1 0 0
315 241 -1 0 0
314 241 -1 0 0
313 241 -1 0 0
312 241 -1 0 0
311 241 -1 0 0
310 241 -1 0 0
309 241 -1 0 0
308 241 -1 0 0
307 241 -1 0 0
306 241 -1 0 0
228 241 -1 1 0
227 241 -1 1 0
226 241 -1 1 0
225 241 -1 1 0
224 241 -1 1 0
223 241 -1 1 0
222 241 -1 1 0
221 241 -1 1 0
220 241 -1 1 0
219 241 -1 1 0
218 241 -1 1 0
315 240 -1 0 0
314 240 -1 0 0
313 240 -1 0 0
312 240 -1 0 0
311 240 -1 0 0
310 240 -1 0 0
309 240 -1 0 0
308 240 -1 0 0
307 240 -1 0 0
227 240 -1 1 0
226 240 -1 1 0
225 240 -1 1 0
224 240 -1 1 0
223 240 -1 1 0
222 240 -1 1 0
221 240 -1 1 0
220 240 -1 1 0
219 240 -1 1 0
315 239 -1 0 0
314 239 -1 0 0
313 239 -1 0 0
312 239 -1 0 0
311 239 -1 0 0
310 239 -1 0 0
309 239 -1 0 0
308 239 -1 0 0
307 239 -1 0 0
227 239 -1 1 0
226 239 -1 1 0
225 239 -1 1 0
224 239 -1 1 0
223 239 -1 1 0
222 239 -1 1 0
221 239 -1 1 0
220 239 -1 1 0
219 239 -1 1 0
315 238 -1 0 0
314 238 -1 0 0
313 238 -1 0 0
312 238 -1 0 0
311 238 -1 0 0
310 238 -1 0 0
309 238 -1 0 0
308 238 -1 0 0
307 238 -1 0 0
227 238 -1 1 0
226 238 -1 1 0
225 238 -1 1 0
224 238 -1 1 0
223 238 -1 1 0
222 238 -1 1 0
221 238 -1 1 0
220 238 -1 1 0
219 238 -1 1 0
314 237 -1 0 0
313 237 -1 0 0
312 237 -1 0 0
311 237 -1 0 0
310 237 -1 0 0
309 237 -1 0 0
308 237 -1 0 0
226 237 -1 1 0
225 237 -1 1 0
224 237 -1 1 0
223 237 -1 1 0
222 237 -1 1 0
221 237 -1 1 0
220 237 -1 1 0
209 237 -1 1 0
311 236 -1 0 0
223 236 -1 1 0
212 236 -1 1 0
211 236 -1 1 0
210 236 -1 1 0
209 236 -1 1 0
208 236 -1 1 0
207 236 -1 1 0
206 236 -1 1 0
213 235 -1 1 0
212 235 -1 1 0
211 235 -1 1 0
210 235 -1 1 0
209 235 -1 1 0
208 235 -1 1 0
207 235 -1 1 0
206 235 -1 1 0
205 235 -1 1 0
213 234 -1 1 0
212 234 -1 1 0
211 234 -1 1 0
210 234 -1 1 0
209 234 -1 1 0
208 234 -1 1 0
207 234 -1 1 0
206 234 -1 1 0
205 234 -1 1 0
213 233 -1 1 0
212 233 -1 1 0
211 233 -1 1 0
210 233 -1 1 0
209 233 -1 1 0
208 233 -1 1 0
207 233 -1 1 0
206 233 -1 1 0
205 233 -1 1 0
214 232 -1 1 0
213 232 -1 1 0
212 232 -1 1 0
211 232 -1 1 0
210 232 -1 1 0
209 232 -1 1 0
208 232 -1 1 0
207 232 -1 1 0
206 232 -1 1 0
205 232 -1 1 0
204 232 -1 1 0
213 231 -1 1 0
212 231 -1 1 0
211 231 -1 1 0
210 231 -1 1 0
209 231 -1 1 0
208 231 -1 1 0
207 231 -1 1 0
206 231 -1 1 0
205 231 -1 1 0
213 230 -1 1 0
212 230 -1 1 0
211 230 -1 1 0
210 230 -1 1 0
209 230 -1 1 0
208 230 -1 1 0
207 230 -1 1 0
206 230 -1 1 0
205 230 -1 1 0
232 229 -1 1 0
213 229 -1 1 0
212 229 -1 1 0
211 229 -1 1 0
210 229 -1 1 0
209 229 -1 1 0
208 229 -1 1 0
207 229 -1 1 0
206 229 -1 1 0
205 229 -1 1 0
235 228 -1 1 0
234 228 -1 1 0
233 228 -1 1 0
232 228 -1 1 0
231 228 -1 1 0
230 228 -1 1 0
229 228 -1 1 0
212 228 -1 1 0
211 228 -1 1 0
210 228 -1 1 0
209 228 -1 1 0
208 228 -1 1 0
207 228 -1 1 0
206 228 -1 1 0
236 227 -1 1 0
235 227 -1 1 0
234 227 -1 1 0
233 227 -1 1 0
232 227 -1 1 0
231 227 -1 1 0
230 227 -1 1 0
229 227 -1 1 0
228 227 -1 1 0
209 227 -1 1 0
236 226 -1 1 0
235 226 -1 1 0
234 226 -1 1 0
233 226 -1 1 0
232 226 -1 1 0
231 226 -1 1 0
230 226 -1 1 0
229 226 -1 1 0
228 226 -1 1 0
236 225 -1 1 0
235 225 -1 1 0
234 225 -1 1 0
233 225 -1 1 0
232 225 -1 1 0
231 225 -1 1 0
230 225 -1 1 0
229 225 -1 1 0
228 225 -1 1 0
237 224 -1 1 0
236 224 -1 1 0
235 224 -1 1 0
234 224 -1 1 0
233 224 -1 1 0
232 224 -1 1 0
231 224 -1 1 0
230 224 -1 1 0
229 224 -1 1 0
228 224 -1 1 0
227 224 -1 1 0
161 224 -1 0 0
236 223 -1 1 0
235 223 -1 1 0
234 223 -1 1 0
233 223 -1 1 0
232 223 -1 1 0
231 223 -1 1 0
230 223 -1 1 0
229 223 -1 1 0
228 223 -1 1 0
164 223 -1 0 0
163 223 -1 0 0
162 223 -1 0 0
161 223 -1 0 0
160 223 -1 0 0
159 223 -1 0 0
158 223 -1 0 0
236 222 -1 1 0
235 222 -1 1 0
234 222 -1 1 0
233 222 -1 1 0
232 222 -1 1 0
231 222 -1 1 0
230 222 -1 1 0
229 222 -1 1 0
228 222 -1 1 0
165 222 -1 0 0
164 222 -1 0 0
163 222 -1 0 0
162 222 -1 0 0
161 222 -1 0 0
160 222 -1 0 0
159 222 -1 0 0
158 222 -1 0 0
157 222 -1 0 0
236 221 -1 1 0
235 221 -1 1 0
234 221 -1 1 0
233 221 -1 1 0
232 221 -1 1 0
231 221 -1 1 0
230 221 -1 1 0
229 221 -1 1 0
228 221 -1 1 0
165 221 -1 0 0
164 221 -1 0 0
163 221 -1 0 0
162 221 -1 0 0
161 221 -1 0 0
160 221 -1 0 0
159 221 -1 0 0
158 221 -1 0 0
157 221 -1 0 0
235 220 -1 1 0
234 220 -1 1 0
233 220 -1 1 0
232 220 -1 1 0
231 220 -1 1 0
230 220 -1 1 0
229 220 -1 1 0
215 220 -1 1 0
165 220 -1 0 0
164 220 -1 0 0
163 220 -1 0 0
162 220 -1 0 0
161 220 -1 0 0
160 220 -1 0 0
159 220 -1 0 0
158 220 -1 0 0
157 220 -1 0 0
232 219 -1 1 0
218 219 -1 1 0
217 219 -1 1 0
216 219 -1 1 0
215 219 -1 1 0
214 219 -1 1 0
213 219 -1 1 0
212 219 -1 1 0
166 219 -1 0 0
165 219 -1 0 0
164 219 -1 0 0
163 219 -1 0 0
162 219 -1 0 0
161 219 -1 0 0
160 219 -1 0 0
159 219 -1 0 0
158 219 -1 0 0
157 219 -1 0 0
156 219 -1 0 0
219 218 -1 1 0
218 218 -1 1 0
217 218 -1 1 0
216 218 -1 1 0
215 218 -1 1 0
214 218 -1 1 0
213 218 -1 1 0
212 218 -1 1 0
211 218 -1 1 0
165 218 -1 0 0
164 218 -1 0 0
163 218 -1 0 0
162 218 -1 0 0
161 218 -1 0 0
160 218 -1 0 0
159 218 -1 0 0
158 218 -1 0 0
157 218 -1 0 0
219 217 -1 1 0
218 217 -1 1 0
217 217 -1 1 0
216 217 -1 1 0
215 217 -1 1 0
214 217 -1 1 0
213 217 -1 1 0
212 217 -1 1 0
211 217 -1 1 0
165 217 -1 0 0
164 217 -1 0 0
163 217 -1 0 0
162 217 -1 0 0
161 217 -1 0 0
160 217 -1 0 0
159 217 -1 0 0
158 217 -1 0 0
157 217 -1 0 0
219 216 -1 1 0
218 216 -1 1 0
217 216 -1 1 0
216 216 -1 1 0
215 216 -1 1 0
214 216 -1 1 0
213 216 -1 1 0
212 216 -1 1 0
211 216 -1 1 0
165 216 -1 0 0
164 216 -1 0 0
163 216 -1 0 0
162 216 -1 0 0
161 216 -1 0 0
160 216 -1 0 0
159 216 -1 0 0
158 216 -1 0 0
157 216 -1 0 0
220 215 -1 1 0
219 215 -1 1 0
218 215 -1 1 0
217 215 -1 1 0
216 215 -1 1 0
215 215 -1 1 0
214 215 -1 1 0
213 215 -1 1 0
212 215 -1 1 0
211 215 -1 1 0
210 215 -1 1 0
164 215 -1 0 0
163 215 -1 0 0
162 215 -1 0 0
161 215 -1 0 0
160 215 -1 0 0
159 215 -1 0 0
158 215 -1 0 0
219 214 -1 1 0
218 214 -1 1 0
217 214 -1 1 0
216 214 -1 1 0
215 214 -1 1 0
214 214 -1 1 0
213 214 -1 1 0
212 214 -1 1 0
211 214 -1 1 0
161 214 -1 0 0
219 213 -1 1 0
218 213 -1 1 0
217 213 -1 1 0
216 213 -1 1 0
215 213 -1 1 0
214 213 -1 1 0
213 213 -1 1 0
212 213 -1 1 0
211 213 -1 1 0
219 212 -1 1 0
218 212 -1 1 0
217 212 -1 1 0
216 212 -1 1 0
215 212 -1 1 0
214 212 -1 1 0
213 212 -1 1 0
212 212 -1 1 0
211 212 -1 1 0
228 211 -1 1 0
218 211 -1 1 0
217 211 -1 1 0
216 211 -1 1 0
215 211 -1 1 0
214 211 -1 1 0
213 211 -1 1 0
212 211 -1 1 0
231 210 -1 1 0
230 210 -1 1 0
229 210 -1 1 0
228 210 -1 1 0
227 210 -1 1 0
226 210 -1 1 0
225 210 -1 1 0
215 210 -1 1 0
232 209 -1 1 0
231 209 -1 1 0
230 209 -1 1 0
229 209 -1 1 0
228 209 -1 1 0
227 209 -1 1 0
226 209 -1 1 0
225 209 -1 1 0
224 209 -1 1 0
232 208 -1 1 0
231 208 -1 1 0
230 208 -1 1 0
229 208 -1 1 0
228 208 -1 1 0
227 208 -1 1 0
226 208 -1 1 0
225 208 -1 1 0
224 208 -1 1 0
232 207 -1 1 0
231 207 -1 1 0
230 207 -1 1 0
229 207 -1 1 0
228 207 -1 1 0
227 207 -1 1 0
226 207 -1 1 0
225 207 -1 1 0
224 207 -1 1 0
233 206 -1 1 0
232 206 -1 1 0
231 206 -1 1 0
230 206 -1 1 0
229 206 -1 1 0
228 206 -1 1 0
227 206 -1 1 0
226 206 -1 1 0
225 206 -1 1 0
224 206 -1 1 0
223 206 -1 1 0
232 205 -1 1 0
231 205 -1 1 0
230 205 -1 1 0
229 205 -1 1 0
228 205 -1 1 0
227 205 -1 1 0
226 205 -1 1 0
225 205 -1 1 0
224 205 -1 1 0
232 204 -1 1 0
231 204 -1 1 0
230 204 -1 1 0
229 204 -1 1 0
228 204 -1 1 0
227 204 -1 1 0
226 204 -1 1 0
225 204 -1 1 0
224 204 -1 1 0
232 203 -1 1 0
231 203 -1 1 0
230 203 -1 1 0
229 203 -1 1 0
228 203 -1 1 0
227 203 -1 1 0
226 203 -1 1 0
225 203 -1 1 0
224 203 -1 1 0
231 202 -1 1 0
230 202 -1 1 0
229 202 -1 1 0
228 202 -1 1 0
227 202 -1 1 0
226 202 -1 1 0
225 202 -1 1 0
228 201 -1 1 0
231 196 -1 1 0
211 196 -1 1 0
234 195 -1 1 0
233 195 -1 1 0
232 195 -1 1 0
231 195 -1 1 0
230 195 -1 1 0
229 195 -1 1 0
228 195 -1 1 0
214 195 -1 1 0
213 195 -1 1 0
212 195 -1 1 0
211 195 -1 1 0
210 195 -1 1 0
209 195 -1 1 0
208 195 -1 1 0
235 194 -1 1 0
234 194 -1 1 0
233 194 -1 1 0
232 194 -1 1 0
231 194 -1 1 0
230 194 -1 1 0
229 194 -1 1 0
228 194 -1 1 0
227 194 -1 1 0
215 194 -1 1 0
214 194 -1 1 0
213 194 -1 1 0
212 194 -1 1 0
211 194 -1 1 0
210 194 -1 1 0
209 194 -1 1 0
208 194 -1 1 0
207 194 -1 1 0
235 193 -1 1 0
234 193 -1 1 0
233 193 -1 1 0
232 193 -1 1 0
231 193 -1 1 0
230 193 -1 1 0
229 193 -1 1 0
228 193 -1 1 0
227 193 -1 1 0
226 193 -1 1 0
215 193 -1 1 0
214 193 -1 1 0
213 193 -1 1 0
212 193 -1 1 0
211 193 -1 1 0
210 193 -1 1 0
209 193 -1 1 0
208 193 -1 1 0
207 193 -1 1 0
235 192 -1 1 0
234 192 -1 1 0
233 192 -1 1 0
232 192 -1 1 0
231 192 -1 1 0
230 192 -1 1 0
229 192 -1 1 0
228 192 -1 1 0
227 192 -1 1 0
226 192 -1 1 0
225 192 -1 1 0
215 192 -1 1 0
214 192 -1 1 0
213 192 -1 1 0
212 192 -1 1 0
211 192 -1 1 0
210 192 -1 1 0
209 192 -1 1 0
208 192 -1 1 0
207 192 -1 1 0
236 191 -1 1 0
235 191 -1 1 0
234 191 -1 1 0
233 191 -1 1 0
232 191 -1 1 0
231 191 -1 1 0
230 191 -1 1 0
229 191 -1 1 0
228 191 -1 1 0
227 191 -1 1 0
226 191 -1 1 0
225 191 -1 1 0
216 191 -1 1 0
215 191 -1 1 0
214 191 -1 1 0
213 191 -1 1 0
212 191 -1 1 0
211 191 -1 1 0
210 191 -1 1 0
209 191 -1 1 0
208 191 -1 1 0
207 191 -1 1 0
206 191 -1 1 0
235 190 -1 1 0
234 190 -1 1 0
233 190 -1 1 0
232 190 -1 1 0
231 190 -1 1 0
230 190 -1 1 0
229 190 -1 1 0
228 190 -1 1 0
227 190 -1 1 0
226 190 -1 1 0
225 190 -1 1 0
215 190 -1 1 0
214 190 -1 1 0
213 190 -1 1 0
212 190 -1 1 0
211 190 -1 1 0
210 190 -1 1 0
209 190 -1 1 0
208 190 -1 1 0
207 190 -1 1 0
235 189 -1 1 0
234 189 -1 1 0
233 189 -1 1 0
232 189 -1 1 0
231 189 -1 1 0
230 189 -1 1 0
229 189 -1 1 0
228 189 -1 1 0
227 189 -1 1 0
226 189 -1 1 0
225 189 -1 1 0
224 189 -1 1 0
215 189 -1 1 0
214 189 -1 1 0
213 189 -1 1 0
212 189 -1 1 0
211 189 -1 1 0
210 189 -1 1 0
209 189 -1 1 0
208 189 -1 1 0
207 189 -1 1 0
235 188 -1 1 0
234 188 -1 1 0
233 188 -1 1 0
232 188 -1 1 0
231 188 -1 1 0
230 188 -1 1 0
229 188 -1 1 0
228 188 -1 1 0
227 188 -1 1 0
226 188 -1 1 0
225 188 -1 1 0
215 188 -1 1 0
214 188 -1 1 0
213 188 -1 1 0
212 188 -1 1 0
211 188 -1 1 0
210 188 -1 1 0
209 188 -1 1 0
208 188 -1 1 0
207 188 -1 1 0
234 187 -1 1 0
233 187 -1 1 0
232 187 -1 1 0
231 187 -1 1 0
230 187 -1 1 0
229 187 -1 1 0
228 187 -1 1 0
227 187 -1 1 0
226 187 -1 1 0
225 187 -1 1 0
214 187 -1 1 0
213 187 -1 1 0
212 187 -1 1 0
211 187 -1 1 0
210 187 -1 1 0
209 187 -1 1 0
208 187 -1 1 0
233 186 -1 1 0
232 186 -1 1 0
231 186 -1 1 0
230 186 -1 1 0
229 186 -1 1 0
228 186 -1 1 0
227 186 -1 1 0
226 186 -1 1 0
225 186 -1 1 0
211 186 -1 1 0
232 185 -1 1 0
231 185 -1 1 0
230 185 -1 1 0
229 185 -1 1 0
228 185 -1 1 0
227 185 -1 1 0
226 185 -1 1 0
229 184 -1 1 0
226 180 -1 1 0
229 179 -1 1 0
228 179 -1 1 0
227 179 -1 1 0
226 179 -1 1 0
225 179 -1 1 0
224 179 -1 1 0
223 179 -1 1 0
230 178 -1 1 0
229 178 -1 1 0
228 178 -1 1 0
227 178 -1 1 0
226 178 -1 1 0
225 178 -1 1 0
224 178 -1 1 0
223 178 -1 1 0
222 178 -1 1 0
230 177 -1 1 0
229 177 -1 1 0
228 177 -1 1 0
227 177 -1 1 0
226 177 -1 1 0
225 177 -1 1 0
224 177 -1 1 0
223 177 -1 1 0
222 177 -1 1 0
230 176 -1 1 0
229 176 -1 1 0
228 176 -1 1 0
227 176 -1 1 0
226 176 -1 1 0
225 176 -1 1 0
224 176 -1 1 0
223 176 -1 1 0
222 176 -1 1 0
231 175 -1 1 0
230 175 -1 1 0
229 175 -1 1 0
228 175 -1 1 0
227 175 -1 1 0
226 175 -1 1 0
225 175 -1 1 0
224 175 -1 1 0
223 175 -1 1 0
222 175 -1 1 0
221 175 -1 1 0
230 174 -1 1 0
229 174 -1 1 0
228 174 -1 1 0
227 174 -1 1 0
226 174 -1 1 0
225 174 -1 1 0
224 174 -1 1 0
223 174 -1 1 0
222 174 -1 1 0
230 173 -1 1 0
229 173 -1 1 0
228 173 -1 1 0
227 173 -1 1 0
226 173 -1 1 0
225 173 -1 1 0
224 173 -1 1 0
223 173 -1 1 0
222 173 -1 1 0
230 172 -1 1 0
229 172 -1 1 0
228 172 -1 1 0
227 172 -1 1 0
226 172 -1 1 0
225 172 -1 1 0
224 172 -1 1 0
223 172 -1 1 0
222 172 -1 1 0
229 171 -1 1 0
228 171 -1 1 0
227 171 -1 1 0
226 171 -1 1 0
225 171 -1 1 0
224 171 -1 1 0
223 171 -1 1 0
226 170 -1 1 0
153 167 -1 0 0
156 166 -1 0 0
155 166 -1 0 0
154 166 -1 0 0
153 166 -1 0 0
152 166 -1 0 0
151 166 -1 0 0
150 166 -1 0 0
157 165 -1 0 0
156 165 -1 0 0
155 165 -1 0 0
154 165 -1 0 0
153 165 -1 0 0
152 165 -1 0 0
151 165 -1 0 0
150 165 -1 0 0
149 165 -1 0 0
157 164 -1 0 0
156 164 -1 0 0
155 164 -1 0 0
154 164 -1 0 0
153 164 -1 0 0
152 164 -1 0 0
151 164 -1 0 0
150 164 -1 0 0
149 164 -1 0 0
157 163 -1 0 0
156 163 -1 0 0
155 163 -1 0 0
154 163 -1 0 0
153 163 -1 0 0
152 163 -1 0 0
151 163 -1 0 0
150 163 -1 0 0
149 163 -1 0 0
158 162 -1 0 0
157 162 -1 0 0
156 162 -1 0 0
155 162 -1 0 0
154 162 -1 0 0
153 162 -1 0 0
152 162 -1 0 0
151 162 -1 0 0
150 162 -1 0 0
149 162 -1 0 0
148 162 -1 0 0
157 161 -1 0 0
156 161 -1 0 0
155 161 -1 0 0
154 161 -1 0 0
153 161 -1 0 0
152 161 -1 0 0
151 161 -1 0 0
150 161 -1 0 0
149 161 -1 0 0
157 160 -1 0 0
156 160 -1 0 0
155 160 -1 0 0
154 160 -1 0 0
153 160 -1 0 0
152 160 -1 0 0
151 160 -1 0 0
150 160 -1 0 0
149 160 -1 0 0
157 159 -1 0 0
156 159 -1 0 0
155 159 -1 0 0
154 159 -1 0 0
153 159 -1 0 0
152 159 -1 0 0
151 159 -1 0 0
150 159 -1 0 0
149 159 -1 0 0
156 158 -1 0 0
155 158 -1 0 0
154 158 -1 0 0
153 158 -1 0 0
152 158 -1 0 0
151 158 -1 0 0
150 158 -1 0 0
153 157 -1 0 0
67 78 -1 0 0
70 77 -1 0 0
69 77 -1 0 0
68 77 -1 0 0
67 77 -1 0 0
66 77 -1 0 0
65 77 -1 0 0
64 77 -1 0 0
71 76 -1 0 0
70 76 -1 0 0
69 76 -1 0 0
68 76 -1 0 0
67 76 -1 0 0
66 76 -1 0 0
65 76 -1 0 0
64 76 -1 0 0
63 76 -1 0 0
71 75 -1 0 0
70 75 -1 0 0
69 75 -1 0 0
68 75 -1 0 0
67 75 -1 0 0
66 75 -1 0 0
65 75 -1 0 0
64 75 -1 0 0
63 75 -1 0 0
71 74 -1 0 0
70 74 -1 0 0
69 74 -1 0 0
68 74 -1 0 0
67 74 -1 0 0
66 74 -1 0 0
65 74 -1 0 0
64 74 -1 0 0
63 74 -1 0 0
72 73 -1 0 0
71 73 -1 0 0
70 73 -1 0 0
69 73 -1 0 0
68 73 -1 0 0
67 73 -1 0 0
66 73 -1 0 0
65 73 -1 0 0
64 73 -1 0 0
63 73 -1 0 0
62 73 -1 0 0
71 72 -1 0 0
70 72 -1 0 0
69 72 -1 0 0
68 72 -1 0 0
67 72 -1 0 0
66 72 -1 0 0
65 72 -1 0 0
64 72 -1 0 0
63 72 -1 0 0
71 71 -1 0 0
70 71 -1 0 0
69 71 -1 0 0
68 71 -1 0 0
67 71 -1 0 0
66 71 -1 0 0
65 71 -1 0 0
64 71 -1 0 0
63 71 -1 0 0
71 70 -1 0 0
70 70 -1 0 0
69 70 -1 0 0
68 70 -1 0 0
67 70 -1 0 0
66 70 -1 0 0
65 70 -1 0 0
64 70 -1 0 0
63 70 -1 0 0
70 69 -1 0 0
69 69 -1 0 0
68 69 -1 0 0
67 69 -1 0 0
66 69 -1 0 0
65 69 -1 0 0
64 69 -1 0 0
67 68 -1 0 0
267 58 -1 0 0
270 57 -1 0 0
269 57 -1 0 0
268 57 -1 0 0
267 57 -1 0 0
266 57 -1 0 0
265 57 -1 0 0
264 57 -1 0 0
271 56 -1 0 0
270 56 -1 0 0
269 56 -1 0 0
268 56 -1 0 0
267 56 -1 0 0
266 56 -1 0 0
265 56 -1 0 0
264 56 -1 0 0
263 56 -1 0 0
271 55 -1 0 0
270 55 -1 0 0
269 55 -1 0 0
268 55 -1 0 0
267 55 -1 0 0
266 55 -1 0 0
265 55 -1 0 0
264 55 -1 0 0
263 55 -1 0 0
271 54 -1 0 0
270 54 -1 0 0
269 54 -1 0 0
268 54 -1 0 0
267 54 -1 0 0
266 54 -1 0 0
265 54 -1 0 0
264 54 -1 0 0
263 54 -1 0 0
272 53 -1 0 0
271 53 -1 0 0
270 53 -1 0 0
269 53 -1 0 0
268 53 -1 0 0
267 53 -1 0 0
266 53 -1 0 0
265 53 -1 0 0
264 53 -1 0 0
263 53 -1 0 0
262 53 -1 0 0
271 52 -1 0 0
270 52 -1 0 0
269 52 -1 0 0
268 52 -1 0 0
267 52 -1 0 0
266 52 -1 0 0
265 52 -1 0 0
264 52 -1 0 0
263 52 -1 0 0
271 51 -1 0 0
270 51 -1 0 0
269 51 -1 0 0
268 51 -1 0 0
267 51 -1 0 0
266 51 -1 0 0
265 51 -1 0 0
264 51 -1 0 0
263 51 -1 0 0
271 50 -1 0 0
270 50 -1 0 0
269 50 -1 0 0
268 50 -1 0 0
267 50 -1 0 0
266 50 -1 0 0
265 50 -1 0 0
264 50 -1 0 0
263 50 -1 0 0
270 49 -1 0 0
269 49 -1 0 0
268 49 -1 0 0
267 49 -1 0 0
266 49 -1 0 0
265 49 -1 0 0
264 49 -1 0 0
267 48 -1 0 0
