1134 400 400
271 353 -1 0 0
274 352 -1 0 0
273 352 -1 0 0
272 352 -1 0 0
271 352 -1 0 0
270 352 -1 0 0
269 352 -1 0 0
268 352 -1 0 0
275 351 -1 0 0
274 351 -1 0 0
273 351 -1 0 0
272 351 -1 0 0
271 351 -1 0 0
270 351 -1 0 0
269 351 -1 0 0
268 351 -1 0 0
267 351 -1 0 0
275 350 -1 0 0
274 350 -1 0 0
273 350 -1 0 0
272 350 -1 0 0
271 350 -1 0 0
270 350 -1 0 0
269 350 -1 0 0
268 350 -1 0 0
267 350 -1 0 0
275 349 -1 0 0
274 349 -1 0 0
273 349 -1 0 0
272 349 -1 0 0
271 349 -1 0 0
270 349 -1 0 0
269 349 -1 0 0
268 349 -1 0 0
267 349 -1 0 0
276 348 -1 0 0
275 348 -1 0 0
274 348 -1 0 0
273 348 -1 0 0
272 348 -1 0 0
271 348 -1 0 0
270 348 -1 0 0
269 348 -1 0 0
268 348 -1 0 0
267 348 -1 0 0
266 348 -1 0 0
275 347 -1 0 0
274 347 -1 0 0
273 347 -1 0 0
272 347 -1 0 0
271 347 -1 0 0
270 347 -1 0 0
269 347 -1 0 0
268 347 -1 0 0
267 347 -1 0 0
275 346 -1 0 0
274 346 -1 0 0
273 346 -1 0 0
272 346 -1 0 0
271 346 -1 0 0
270 346 -1 0 0
269 346 -1 0 0
268 346 -1 0 0
267 346 -1 0 0
275 345 -1 0 0
274 345 -1 0 0
273 345 -1 0 0
272 345 -1 0 0
271 345 -1 0 0
270 345 -1 0 0
269 345 -1 0 0
268 345 -1 0 0
267 345 -1 0 0
274 344 -1 0 0
273 344 -1 0 0
272 344 -1 0 0
271 344 -1 0 0
270 344 -1 0 0
269 344 -1 0 0
268 344 -1 0 0
271 343 -1 0 0
35 335 -1 0 0
38 334 -1 0 0
37 334 -1 0 0
36 334 -1 0 0
35 334 -1 0 0
34 334 -1 0 0
33 334 -1 0 0
32 334 -1 0 0
39 333 -1 0 0
38 333 -1 0 0
37 333 -1 0 0
36 333 -1 0 0
35 333 -1 0 0
34 333 -1 0 0
33 333 -1 0 0
32 333 -1 0 0
31 333 -1 0 0
39 332 -1 0 0
38 332 -1 0 0
37 332 -1 0 0
36 332 -1 0 0
35 332 -1 0 0
34 332 -1 0 0
33 332 -1 0 0
32 332 -1 0 0
31 332 -1 0 0
184 331 -1 0 0
39 331 -1 0 0
38 331 -1 0 0
37 331 -1 0 0
36 331 -1 0 0
35 331 -1 0 0
34 331 -1 0 0
33 331 -1 0 0
32 331 -1 0 0
31 331 -1 0 0
187 330 -1 0 0
186 330 -1 0 0
185 330 -1 0 0
184 330 -1 0 0
183 330 -1 0 0
182 330 -1 0 0
181 330 -1 0 0
40 330 -1 0 0
39 330 -1 0 0
38 330 -1 0 0
37 330 -1 0 0
36 330 -1 0 0
35 330 -1 0 0
34 330 -1 0 0
33 330 -1 0 0
32 330 -1 0 0
31 330 -1 0 0
30 330 -1 0 0
188 329 -1 0 0
187 329 -1 0 0
186 329 -1 0 0
185 329 -1 0 0
184 329 -1 0 0
183 329 -1 0 0
182 329 -1 0 0
181 329 -1 0 0
180 329 -1 0 0
39 329 -1 0 0
38 329 -1 0 0
37 329 -1 0 0
36 329 -1 0 0
35 329 -1 0 0
34 329 -1 0 0
33 329 -1 0 0
32 329 -1 0 0
31 329 -1 0 0
188 328 -1 0 0
187 328 -1 0 0
186 328 -1 0 0
185 328 -1 0 0
184 328 -1 0 0
183 328 -1 0 0
182 328 -1 0 0
181 328 -1 0 0
180 328 -1 0 0
39 328 -1 0 0
38 328 -1 0 0
37 328 -1 0 0
36 328 -1 0 0
35 328 -1 0 0
34 328 -1 0 0
33 328 -1 0 0
32 328 -1 0 0
31 328 -1 0 0
333 327 -1 0 0
188 327 -1 0 0
187 327 -1 0 0
186 327 -1 0 0
185 327 -1 0 0
184 327 -1 0 0
183 327 -1 0 0
182 327 -1 0 0
181 327 -1 0 0
180 327 -1 0 0
39 327 -1 0 0
38 327 -1 0 0
37 327 -1 0 0
36 327 -1 0 0
35 327 -1 0 0
34 327 -1 0 0
33 327 -1 0 0
32 327 -1 0 0
31 327 -1 0 0
336 326 -1 0 0
335 326 -1 0 0
334 326 -1 0 0
333 326 -1 0 0
332 326 -1 0 0
331 326 -1 0 0
330 326 -1 0 0
189 326 -1 0 0
188 326 -1 0 0
187 326 -1 0 0
186 326 -1 0 0
185 326 -1 0 0
184 326 -1 0 0
183 326 -1 0 0
182 326 -1 0 0
181 326 -1 0 0
180 326 -1 0 0
179 326 -1 0 0
38 326 -1 0 0
37 326 -1 0 0
36 326 -1 0 0
35 326 -1 0 0
34 326 -1 0 0
33 326 -1 0 0
32 326 -1 0 0
337 325 -1 0 0
336 325 -1 0 0
335 325 -1 0 0
334 325 -1 0 0
333 325 -1 0 0
332 325 -1 0 0
331 325 -1 0 0
330 325 -1 0 0
329 325 -1 0 0
188 325 -1 0 0
187 325 -1 0 0
186 325 -1 0 0
185 325 -1 0 0
184 325 -1 0 0
183 325 -1 0 0
182 325 -1 0 0
181 325 -1 0 0
180 325 -1 0 0
35 325 -1 0 0
337 324 -1 0 0
336 324 -1 0 0
335 324 -1 0 0
334 324 -1 0 0
333 324 -1 0 0
332 324 -1 0 0
331 324 -1 0 0
330 324 -1 0 0
329 324 -1 0 0
188 324 -1 0 0
187 324 -1 0 0
186 324 -1 0 0
185 324 -1 0 0
184 324 -1 0 0
183 324 -1 0 0
182 324 -1 0 0
181 324 -1 0 0
180 324 -1 0 0
337 323 -1 0 0
336 323 -1 0 0
335 323 -1 0 0
334 323 -1 0 0
333 323 -1 0 0
332 323 -1 0 0
331 323 -1 0 0
330 323 -1 0 0
329 323 -1 0 0
188 323 -1 0 0
187 323 -1 0 0
186 323 -1 0 0
185 323 -1 0 0
184 323 -1 0 0
183 323 -1 0 0
182 323 -1 0 0
181 323 -1 0 0
180 323 -1 0 0
338 322 -1 0 0
337 322 -1 0 0
336 322 -1 0 0
335 322 -1 0 0
334 322 -1 0 0
333 322 -1 0 0
332 322 -1 0 0
331 322 -1 0 0
330 322 -1 0 0
329 322 -1 0 0
328 322 -1 0 0
187 322 -1 0 0
186 322 -1 0 0
185 322 -1 0 0
184 322 -1 0 0
183 322 -1 0 0
182 322 -1 0 0
181 322 -1 0 0
337 321 -1 0 0
336 321 -1 0 0
335 321 -1 0 0
334 321 -1 0 0
333 321 -1 0 0
332 321 -1 0 0
331 321 -1 0 0
330 321 -1 0 0
329 321 -1 0 0
184 321 -1 0 0
337 320 -1 0 0
336 320 -1 0 0
335 320 -1 0 0
334 320 -1 0 0
333 320 -1 0 0
332 320 -1 0 0
331 320 -1 0 0
330 320 -1 0 0
329 320 -1 0 0
337 319 -1 0 0
336 319 -1 0 0
335 319 -1 0 0
334 319 -1 0 0
333 319 -1 0 0
332 319 -1 0 0
331 319 -1 0 0
330 319 -1 0 0
329 319 -1 0 0
336 318 -1 0 0
335 318 -1 0 0
334 318 -1 0 0
333 318 -1 0 0
332 318 -1 0 0
331 318 -1 0 0
330 318 -1 0 0
333 317 -1 0 0
217 238 -1 0 0
220 237 -1 0 0
219 237 -1 0 0
218 237 -1 0 0
217 237 -1 0 0
216 237 -1 0 0
215 237 -1 0 0
214 237 -1 0 0
221 236 -1 0 0
220 236 -1 0 0
219 236 -1 0 0
218 236 -1 0 0
217 236 -1 0 0
216 236 -1 0 0
215 236 -1 0 0
214 236 -1 0 0
213 236 -1 0 0
221 235 -1 0 0
220 235 -1 0 0
219 235 -1 0 0
218 235 -1 0 0
217 235 -1 0 0
216 235 -1 0 0
215 235 -1 0 0
214 235 -1 0 0
213 235 -1 0 0
221 234 -1 0 0
220 234 -1 0 0
219 234 -1 0 0
218 234 -1 0 0
217 234 -1 0 0
216 234 -1 0 0
215 234 -1 0 0
214 234 -1 0 0
213 234 -1 0 0
222 233 -1 0 0
221 233 -1 0 0
220 233 -1 0 0
219 233 -1 0 0
218 233 -1 0 0
217 233 -1 0 0
216 233 -1 0 0
215 233 -1 0 0
214 233 -1 0 0
213 233 -1 0 0
212 233 -1 0 0
221 232 -1 0 0
220 232 -1 0 0
219 232 -1 0 0
218 232 -1 0 0
217 232 -1 0 0
216 232 -1 0 0
215 232 -1 0 0
214 232 -1 0 0
213 232 -1 0 0
221 231 -1 0 0
220 231 -1 0 0
219 231 -1 0 0
218 231 -1 0 0
217 231 -1 0 0
216 231 -1 0 0
215 231 -1 0 0
214 231 -1 0 0
213 231 -1 0 0
221 230 -1 0 0
220 230 -1 0 0
219 230 -1 0 0
218 230 -1 0 0
217 230 -1 0 0
216 230 -1 0 0
215 230 -1 0 0
214 230 -1 0 0
213 230 -1 0 0
220 229 -1 0 0
219 229 -1 0 0
218 229 -1 0 0
217 229 -1 0 0
216 229 -1 0 0
215 229 -1 0 0
214 229 -1 0 0
217 228 -1 0 0
394 218 -1 0 0
397 217 -1 0 0
396 217 -1 0 0
395 217 -1 0 0
394 217 -1 0 0
393 217 -1 0 0
392 217 -1 0 0
391 217 -1 0 0
398 216 -1 0 0
397 216 -1 0 0
396 216 -1 0 0
395 216 -1 0 0
394 216 -1 0 0
393 216 -1 0 0
392 216 -1 0 0
391 216 -1 0 0
390 216 -1 0 0
398 215 -1 0 0
397 215 -1 0 0
396 215 -1 0 0
395 215 -1 0 0
394 215 -1 0 0
393 215 -1 0 0
392 215 -1 0 0
391 215 -1 0 0
390 215 -1 0 0
398 214 -1 0 0
397 214 -1 0 0
396 214 -1 0 0
395 214 -1 0 0
394 214 -1 0 0
393 214 -1 0 0
392 214 -1 0 0
391 214 -1 0 0
390 214 -1 0 0
399 213 -1 0 0
398 213 -1 0 0
397 213 -1 0 0
396 213 -1 0 0
395 213 -1 0 0
394 213 -1 0 0
393 213 -1 0 0
392 213 -1 0 0
391 213 -1 0 0
390 213 -1 0 0
389 213 -1 0 0
398 212 -1 0 0
397 212 -1 0 0
396 212 -1 0 0
395 212 -1 0 0
394 212 -1 0 0
393 212 -1 0 0
392 212 -1 0 0
391 212 -1 0 0
390 212 -1 0 0
398 211 -1 0 0
397 211 -1 0 0
396 211 -1 0 0
395 211 -1 0 0
394 211 -1 0 0
393 211 -1 0 0
392 211 -1 0 0
391 211 -1 0 0
390 211 -1 0 0
398 210 -1 0 0
397 210 -1 0 0
396 210 -1 0 0
395 210 -1 0 0
394 210 -1 0 0
393 210 -1 0 0
392 210 -1 0 0
391 210 -1 0 0
390 210 -1 0 0
397 209 -1 0 0
396 209 -1 0 0
395 209 -1 0 0
394 209 -1 0 0
393 209 -1 0 0
392 209 -1 0 0
391 209 -1 0 0
266 209 -1 1 0
394 208 -1 0 0
269 208 -1 1 0
268 208 -1 1 0
267 208 -1 1 0
266 208 -1 1 0
265 208 -1 1 0
264 208 -1 1 0
263 208 -1 1 0
270 207 -1 1 0
269 207 -1 1 0
268 207 -1 1 0
267 207 -1 1 0
266 207 -1 1 0
265 207 -1 1 0
264 207 -1 1 0
263 207 -1 1 0
262 207 -1 1 0
270 206 -1 1 0
269 206 -1 1 0
268 206 -1 1 0
267 206 -1 1 0
266 206 -1 1 0
265 206 -1 1 0
264 206 -1 1 0
263 206 -1 1 0
262 206 -1 1 0
270 205 -1 1 0
269 205 -1 1 0
268 205 -1 1 0
267 205 -1 1 0
266 205 -1 1 0
265 205 -1 1 0
264 205 -1 1 0
263 205 -1 1 0
262 205 -1 1 0
271 204 -1 1 0
270 204 -1 1 0
269 204 -1 1 0
268 204 -1 1 0
267 204 -1 1 0
266 204 -1 1 0
265 204 -1 1 0
264 204 -1 1 0
263 204 -1 1 0
262 204 -1 1 0
261 204 -1 1 0
270 203 -1 1 0
269 203 -1 1 0
268 203 -1 1 0
267 203 -1 1 0
266 203 -1 1 0
265 203 -1 1 0
264 203 -1 1 0
263 203 -1 1 0
262 203 -1 1 0
270 202 -1 1 0
269 202 -1 1 0
268 202 -1 1 0
267 202 -1 1 0
266 202 -1 1 0
265 202 -1 1 0
264 202 -1 1 0
263 202 -1 1 0
262 202 -1 1 0
252 202 -1 1 0
270 201 -1 1 0
269 201 -1 1 0
268 201 -1 1 0
267 201 -1 1 0
266 201 -1 1 0
265 201 -1 1 0
264 201 -1 1 0
263 201 -1 1 0
262 201 -1 1 0
255 201 -1 1 0
254 201 -1 1 0
253 201 -1 1 0
252 201 -1 1 0
251 201 -1 1 0
250 201 -1 1 0
249 201 -1 1 0
269 200 -1 1 0
268 200 -1 1 0
267 200 -1 1 0
266 200 -1 1 0
265 200 -1 1 0
264 200 -1 1 0
263 200 -1 1 0
256 200 -1 1 0
255 200 -1 1 0
254 200 -1 1 0
253 200 -1 1 0
252 200 -1 1 0
251 200 -1 1 0
250 200 -1 1 0
249 200 -1 1 0
248 200 -1 1 0
266 199 -1 1 0
256 199 -1 1 0
255 199 -1 1 0
254 199 -1 1 0
253 199 -1 1 0
252 199 -1 1 0
251 199 -1 1 0
250 199 -1 1 0
249 199 -1 1 0
248 199 -1 1 0
256 198 -1 1 0
255 198 -1 1 0
254 198 -1 1 0
253 198 -1 1 0
252 198 -1 1 0
251 198 -1 1 0
250 198 -1 1 0
249 198 -1 1 0
248 198 -1 1 0
257 197 -1 1 0
256 197 -1 1 0
255 197 -1 1 0
254 197 -1 1 0
253 197 -1 1 0
252 197 -1 1 0
251 197 -1 1 0
250 197 -1 1 0
249 197 -1 1 0
248 197 -1 1 0
247 197 -1 1 0
256 196 -1 1 0
255 196 -1 1 0
254 196 -1 1 0
253 196 -1 1 0
252 196 -1 1 0
251 196 -1 1 0
250 196 -1 1 0
249 196 -1 1 0
248 196 -1 1 0
256 195 -1 1 0
255 195 -1 1 0
254 195 -1 1 0
253 195 -1 1 0
252 195 -1 1 0
251 195 -1 1 0
250 195 -1 1 0
249 195 -1 1 0
248 195 -1 1 0
256 194 -1 1 0
255 194 -1 1 0
254 194 -1 1 0
253 194 -1 1 0
252 194 -1 1 0
251 194 -1 1 0
250 194 -1 1 0
249 194 -1 1 0
248 194 -1 1 0
255 193 -1 1 0
254 193 -1 1 0
253 193 -1 1 0
252 193 -1 1 0
251 193 -1 1 0
250 193 -1 1 0
249 193 -1 1 0
252 192 -1 1 0
75 189 -1 0 0
78 188 -1 0 0
77 188 -1 0 0
76 188 -1 0 0
75 188 -1 0 0
74 188 -1 0 0
73 188 -1 0 0
72 188 -1 0 0
79 187 -1 0 0
78 187 -1 0 0
77 187 -1 0 0
76 187 -1 0 0
75 187 -1 0 0
74 187 -1 0 0
73 187 -1 0 0
72 187 -1 0 0
71 187 -1 0 0
79 186 -1 0 0
78 186 -1 0 0
77 186 -1 0 0
76 186 -1 0 0
75 186 -1 0 0
74 186 -1 0 0
73 186 -1 0 0
72 186 -1 0 0
71 186 -1 0 0
79 185 -1 0 0
78 185 -1 0 0
77 185 -1 0 0
76 185 -1 0 0
75 185 -1 0 0
74 185 -1 0 0
73 185 -1 0 0
72 185 -1 0 0
71 185 -1 0 0
80 184 -1 0 0
79 184 -1 0 0
78 184 -1 0 0
77 184 -1 0 0
76 184 -1 0 0
75 184 -1 0 0
74 184 -1 0 0
73 184 -1 0 0
72 184 -1 0 0
71 184 -1 0 0
70 184 -1 0 0
79 183 -1 0 0
78 183 -1 0 0
77 183 -1 0 0
76 183 -1 0 0
75 183 -1 0 0
74 183 -1 0 0
73 183 -1 0 0
72 183 -1 0 0
71 183 -1 0 0
79 182 -1 0 0
78 182 -1 0 0
77 182 -1 0 0
76 182 -1 0 0
75 182 -1 0 0
74 182 -1 0 0
73 182 -1 0 0
72 182 -1 0 0
71 182 -1 0 0
79 181 -1 0 0
78 181 -1 0 0
77 181 -1 0 0
76 181 -1 0 0
75 181 -1 0 0
74 181 -1 0 0
73 181 -1 0 0
72 181 -1 0 0
71 181 -1 0 0
257 180 -1 1 0
78 180 -1 0 0
77 180 -1 0 0
76 180 -1 0 0
75 180 -1 0 0
74 180 -1 0 0
73 180 -1 0 0
72 180 -1 0 0
260 179 -1 1 0
259 179 -1 1 0
258 179 -1 1 0
257 179 -1 1 0
256 179 -1 1 0
255 179 -1 1 0
254 179 -1 1 0
75 179 -1 0 0
261 178 -1 1 0
260 178 -1 1 0
259 178 -1 1 0
258 178 -1 1 0
257 178 -1 1 0
256 178 -1 1 0
255 178 -1 1 0
254 178 -1 1 0
253 178 -1 1 0
261 177 -1 1 0
260 177 -1 1 0
259 177 -1 1 0
258 177 -1 1 0
257 177 -1 1 0
256 177 -1 1 0
255 177 -1 1 0
254 177 -1 1 0
253 177 -1 1 0
240 177 -1 1 0
261 176 -1 1 0
260 176 -1 1 0
259 176 -1 1 0
258 176 -1 1 0
257 176 -1 1 0
256 176 -1 1 0
255 176 -1 1 0
254 176 -1 1 0
253 176 -1 1 0
243 176 -1 1 0
242 176 -1 1 0
241 176 -1 1 0
240 176 -1 1 0
239 176 -1 1 0
238 176 -1 1 0
237 176 -1 1 0
262 175 -1 1 0
261 175 -1 1 0
260 175 -1 1 0
259 175 -1 1 0
258 175 -1 1 0
257 175 -1 1 0
256 175 -1 1 0
255 175 -1 1 0
254 175 -1 1 0
253 175 -1 1 0
252 175 -1 1 0
244 175 -1 1 0
243 175 -1 1 0
242 175 -1 1 0
241 175 -1 1 0
240 175 -1 1 0
239 175 -1 1 0
238 175 -1 1 0
237 175 -1 1 0
236 175 -1 1 0
261 174 -1 1 0
260 174 -1 1 0
259 174 -1 1 0
258 174 -1 1 0
257 174 -1 1 0
256 174 -1 1 0
255 174 -1 1 0
254 174 -1 1 0
253 174 -1 1 0
244 174 -1 1 0
243 174 -1 1 0
242 174 -1 1 0
241 174 -1 1 0
240 174 -1 1 0
239 174 -1 1 0
238 174 -1 1 0
237 174 -1 1 0
236 174 -1 1 0
261 173 -1 1 0
260 173 -1 1 0
259 173 -1 1 0
258 173 -1 1 0
257 173 -1 1 0
256 173 -1 1 0
255 173 -1 1 0
254 173 -1 1 0
253 173 -1 1 0
244 173 -1 1 0
243 173 -1 1 0
242 173 -1 1 0
241 173 -1 1 0
240 173 -1 1 0
239 173 -1 1 0
238 173 -1 1 0
237 173 -1 1 0
236 173 -1 1 0
261 172 -1 1 0
260 172 -1 1 0
259 172 -1 1 0
258 172 -1 1 0
257 172 -1 1 0
256 172 -1 1 0
255 172 -1 1 0
254 172 -1 1 0
253 172 -1 1 0
245 172 -1 1 0
244 172 -1 1 0
243 172 -1 1 0
242 172 -1 1 0
241 172 -1 1 0
240 172 -1 1 0
239 172 -1 1 0
238 172 -1 1 0
237 172 -1 1 0
236 172 -1 1 0
235 172 -1 1 0
260 171 -1 1 0
259 171 -1 1 0
258 171 -1 1 0
257 171 -1 1 0
256 171 -1 1 0
255 171 -1 1 0
254 171 -1 1 0
244 171 -1 1 0
243 171 -1 1 0
242 171 -1 1 0
241 171 -1 1 0
240 171 -1 1 0
239 171 -1 1 0
238 171 -1 1 0
237 171 -1 1 0
236 171 -1 1 0
257 170 -1 1 0
244 170 -1 1 0
243 170 -1 1 0
242 170 -1 1 0
241 170 -1 1 0
240 170 -1 1 0
239 170 -1 1 0
238 170 -1 1 0
237 170 -1 1 0
236 170 -1 1 0
244 169 -1 1 0
243 169 -1 1 0
242 169 -1 1 0
241 169 -1 1 0
240 169 -1 1 0
239 169 -1 1 0
238 169 -1 1 0
237 169 -1 1 0
236 169 -1 1 0
243 168 -1 1 0
242 168 -1 1 0
241 168 -1 1 0
240 168 -1 1 0
239 168 -1 1 0
238 168 -1 1 0
237 168 -1 1 0
240 167 -1 1 0
253 155 -1 1 0
256 154 -1 1 0
255 154 -1 1 0
254 154 -1 1 0
253 154 -1 1 0
252 154 -1 1 0
251 154 -1 1 0
250 154 -1 1 0
257 153 -1 1 0
256 153 -1 1 0
255 153 -1 1 0
254 153 -1 1 0
253 153 -1 1 0
252 153 -1 1 0
251 153 -1 1 0
250 153 -1 1 0
249 153 -1 1 0
257 152 -1 1 0
256 152 -1 1 0
255 152 -1 1 0
254 152 -1 1 0
253 152 -1 1 0
252 152 -1 1 0
251 152 -1 1 0
250 152 -1 1 0
249 152 -1 1 0
257 151 -1 1 0
256 151 -1 1 0
255 151 -1 1 0
254 151 -1 1 0
253 151 -1 1 0
252 151 -1 1 0
251 151 -1 1 0
250 151 -1 1 0
249 151 -1 1 0
258 150 -1 1 0
257 150 -1 1 0
256 150 -1 1 0
255 150 -1 1 0
254 150 -1 1 0
253 150 -1 1 0
252 150 -1 1 0
251 150 -1 1 0
250 150 -1 1 0
249 150 -1 1 0
248 150 -1 1 0
257 149 -1 1 0
256 149 -1 1 0
255 149 -1 1 0
254 149 -1 1 0
253 149 -1 1 0
252 149 -1 1 0
251 149 -1 1 0
250 149 -1 1 0
249 149 -1 1 0
257 148 -1 1 0
256 148 -1 1 0
255 148 -1 1 0
254 148 -1 1 0
253 148 -1 1 0
252 148 -1 1 0
251 148 -1 1 0
250 148 -1 1 0
249 148 -1 1 0
257 147 -1 1 0
256 147 -1 1 0
255 147 -1 1 0
254 147 -1 1 0
253 147 -1 1 0
252 147 -1 1 0
251 147 -1 1 0
250 147 -1 1 0
249 147 -1 1 0
256 146 -1 1 0
255 146 -1 1 0
254 146 -1 1 0
253 146 -1 1 0
252 146 -1 1 0
251 146 -1 1 0
250 146 -1 1 0
253 145 -1 1 0
239 141 -1 1 0
242 140 -1 1 0
241 140 -1 1 0
240 140 -1 1 0
239 140 -1 1 0
238 140 -1 1 0
237 140 -1 1 0
236 140 -1 1 0
243 139 -1 1 0
242 139 -1 1 0
241 139 -1 1 0
240 139 -1 1 0
239 139 -1 1 0
238 139 -1 1 0
237 139 -1 1 0
236 139 -1 1 0
235 139 -1 1 0
243 138 -1 1 0
242 138 -1 1 0
241 138 -1 1 0
240 138 -1 1 0
239 138 -1 1 0
238 138 -1 1 0
237 138 -1 1 0
236 138 -1 1 0
235 138 -1 1 0
243 137 -1 1 0
242 137 -1 1 0
241 137 -1 1 0
240 137 -1 1 0
239 137 -1 1 0
238 137 -1 1 0
237 137 -1 1 0
236 137 -1 1 0
235 137 -1 1 0
244 136 -1 1 0
243 136 -1 1 0
242 136 -1 1 0
241 136 -1 1 0
240 136 -1 1 0
239 136 -1 1 0
238 136 -1 1 0
237 136 -1 1 0
236 136 -1 1 0
235 136 -1 1 0
234 136 -1 1 0
243 135 -1 1 0
242 135 -1 1 0
241 135 -1 1 0
240 135 -1 1 0
239 135 -1 1 0
238 135 -1 1 0
237 135 -1 1 0
236 135 -1 1 0
235 135 -1 1 0
243 134 -1 1 0
242 134 -1 1 0
241 134 -1 1 0
240 134 -1 1 0
239 134 -1 1 0
238 134 -1 1 0
237 134 -1 1 0
236 134 -1 1 0
235 134 -1 1 0
243 133 -1 1 0
242 133 -1 1 0
241 133 -1 1 0
240 133 -1 1 0
239 133 -1 1 0
238 133 -1 1 0
237 133 -1 1 0
236 133 -1 1 0
235 133 -1 1 0
242 132 -1 1 0
241 132 -1 1 0
240 132 -1 1 0
239 132 -1 1 0
238 132 -1 1 0
237 132 -1 1 0
236 132 -1 1 0
239 131 -1 1 0
251 106 -1 0 0
254 105 -1 0 0
253 105 -1 0 0
252 105 -1 0 0
251 105 -1 0 0
250 105 -1 0 0
249 105 -1 0 0
248 105 -1 0 0
255 104 -1 0 0
254 104 -1 0 0
253 104 -1 0 0
252 104 -1 0 0
251 104 -1 0 0
250 104 -1 0 0
249 104 -1 0 0
248 104 -1 0 0
247 104 -1 0 0
255 103 -1 0 0
254 103 -1 0 0
253 103 -1 0 0
252 103 -1 0 0
251 103 -1 0 0
250 103 -1 0 0
249 103 -1 0 0
248 103 -1 0 0
247 103 -1 0 0
255 102 -1 0 0
254 102 -1 0 0
253 102 -1 0 0
252 102 -1 0 0
251 102 -1 0 0
250 102 -1 0 0
249 102 -1 0 0
248 102 -1 0 0
247 102 -1 0 0
256 101 -1 0 0
255 101 -1 0 0
254 101 -1 0 0
253 101 -1 0 0
252 101 -1 0 0
251 101 -1 0 0
250 101 -1 0 0
249 101 -1 0 0
248 101 -1 0 0
247 101 -1 0 0
246 101 -1 0 0
255 100 -1 0 0
254 100 -1 0 0
253 100 -1 0 0
252 100 -1 0 0
251 100 -1 0 0
250 100 -1 0 0
249 100 -1 0 0
248 100 -1 0 0
247 100 -1 0 0
255 99 -1 0 0
254 99 -1 0 0
253 99 -1 0 0
252 99 -1 0 0
251 99 -1 0 0
250 99 -1 0 0
249 99 -1 0 0
248 99 -1 0 0
247 99 -1 0 0
255 98 -1 0 0
254 98 -1 0 0
253 98 -1 0 0
252 98 -1 0 0
251 98 -1 0 0
250 98 -1 0 0
249 98 -1 0 0
248 98 -1 0 0
247 98 -1 0 0
254 97 -1 0 0
253 97 -1 0 0
252 97 -1 0 0
251 97 -1 0 0
250 97 -1 0 0
249 97 -1 0 0
248 97 -1 0 0
251 96 -1 0 0
