1539 400 400
298 381 -1 0 0
301 380 -1 0 0
300 380 -1 0 0
299 380 -1 0 0
298 380 -1 0 0
297 380 -1 0 0
296 380 -1 0 0
295 380 -1 0 0
302 379 -1 0 0
301 379 -1 0 0
300 379 -1 0 0
299 379 -1 0 0
298 379 -1 0 0
297 379 -1 0 0
296 379 -1 0 0
295 379 -1 0 0
294 379 -1 0 0
302 378 -1 0 0
301 378 -1 0 0
300 378 -1 0 0
299 378 -1 0 0
298 378 -1 0 0
297 378 -1 0 0
296 378 -1 0 0
295 378 -1 0 0
294 378 -1 0 0
302 377 -1 0 0
301 377 -1 0 0
300 377 -1 0 0
299 377 -1 0 0
298 377 -1 0 0
297 377 -1 0 0
296 377 -1 0 0
295 377 -1 0 0
294 377 -1 0 0
303 376 -1 0 0
302 376 -1 0 0
301 376 -1 0 0
300 376 -1 0 0
299 376 -1 0 0
298 376 -1 0 0
297 376 -1 0 0
296 376 -1 0 0
295 376 -1 0 0
294 376 -1 0 0
293 376 -1 0 0
302 375 -1 0 0
301 375 -1 0 0
300 375 -1 0 0
299 375 -1 0 0
298 375 -1 0 0
297 375 -1 0 0
296 375 -1 0 0
295 375 -1 0 0
294 375 -1 0 0
302 374 -1 0 0
301 374 -1 0 0
300 374 -1 0 0
299 374 -1 0 0
298 374 -1 0 0
297 374 -1 0 0
296 374 -1 0 0
295 374 -1 0 0
294 374 -1 0 0
302 373 -1 0 0
301 373 -1 0 0
300 373 -1 0 0
299 373 -1 0 0
298 373 -1 0 0
297 373 -1 0 0
296 373 -1 0 0
295 373 -1 0 0
294 373 -1 0 0
301 372 -1 0 0
300 372 -1 0 0
299 372 -1 0 0
298 372 -1 0 0
297 372 -1 0 0
296 372 -1 0 0
295 372 -1 0 0
298 371 -1 0 0
210 323 -1 0 0
213 322 -1 0 0
212 322 -1 0 0
211 322 -1 0 0
210 322 -1 0 0
209 322 -1 0 0
208 322 -1 0 0
207 322 -1 0 0
214 321 -1 0 0
213 321 -1 0 0
212 321 -1 0 0
211 321 -1 0 0
210 321 -1 0 0
209 321 -1 0 0
208 321 -1 0 0
207 321 -1 0 0
206 321 -1 0 0
214 320 -1 0 0
213 320 -1 0 0
212 320 -1 0 0
211 320 -1 0 0
210 320 -1 0 0
209 320 -1 0 0
208 320 -1 0 0
207 320 -1 0 0
206 320 -1 0 0
214 319 -1 0 0
213 319 -1 0 0
212 319 -1 0 0
211 319 -1 0 0
210 319 -1 0 0
209 319 -1 0 0
208 319 -1 0 0
207 319 -1 0 0
206 319 -1 0 0
215 318 -1 0 0
214 318 -1 0 0
213 318 -1 0 0
212 318 -1 0 0
211 318 -1 0 0
210 318 -1 0 0
209 318 -1 0 0
208 318 -1 0 0
207 318 -1 0 0
206 318 -1 0 0
205 318 -1 0 0
214 317 -1 0 0
213 317 -1 0 0
212 317 -1 0 0
211 317 -1 0 0
210 317 -1 0 0
209 317 -1 0 0
208 317 -1 0 0
207 317 -1 0 0
206 317 -1 0 0
214 316 -1 0 0
213 316 -1 0 0
212 316 -1 0 0
211 316 -1 0 0
210 316 -1 0 0
209 316 -1 0 0
208 316 -1 0 0
207 316 -1 0 0
206 316 -1 0 0
214 315 -1 0 0
213 315 -1 0 0
212 315 -1 0 0
211 315 -1 0 0
210 315 -1 0 0
209 315 -1 0 0
208 315 -1 0 0
207 315 -1 0 0
206 315 -1 0 0
213 314 -1 0 0
212 314 -1 0 0
211 314 -1 0 0
210 314 -1 0 0
209 314 -1 0 0
208 314 -1 0 0
207 314 -1 0 0
210 313 -1 0 0
202 259 -1 1 0
205 258 -1 1 0
204 258 -1 1 0
203 258 -1 1 0
202 258 -1 1 0
201 258 -1 1 0
200 258 -1 1 0
199 258 -1 1 0
206 257 -1 1 0
205 257 -1 1 0
204 257 -1 1 0
203 257 -1 1 0
202 257 -1 1 0
201 257 -1 1 0
200 257 -1 1 0
199 257 -1 1 0
198 257 -1 1 0
206 256 -1 1 0
205 256 -1 1 0
204 256 -1 1 0
203 256 -1 1 0
202 256 -1 1 0
201 256 -1 1 0
200 256 -1 1 0
199 256 -1 1 0
198 256 -1 1 0
206 255 -1 1 0
205 255 -1 1 0
204 255 -1 1 0
203 255 -1 1 0
202 255 -1 1 0
201 255 -1 1 0
200 255 -1 1 0
199 255 -1 1 0
198 255 -1 1 0
207 254 -1 1 0
206 254 -1 1 0
205 254 -1 1 0
204 254 -1 1 0
203 254 -1 1 0
202 254 -1 1 0
201 254 -1 1 0
200 254 -1 1 0
199 254 -1 1 0
198 254 -1 1 0
197 254 -1 1 0
206 253 -1 1 0
205 253 -1 1 0
204 253 -1 1 0
203 253 -1 1 0
202 253 -1 1 0
201 253 -1 1 0
200 253 -1 1 0
199 253 -1 1 0
198 253 -1 1 0
206 252 -1 1 0
205 252 -1 1 0
204 252 -1 1 0
203 252 -1 1 0
202 252 -1 1 0
201 252 -1 1 0
200 252 -1 1 0
199 252 -1 1 0
198 252 -1 1 0
206 251 -1 1 0
205 251 -1 1 0
204 251 -1 1 0
203 251 -1 1 0
202 251 -1 1 0
201 251 -1 1 0
200 251 -1 1 0
199 251 -1 1 0
198 251 -1 1 0
205 250 -1 1 0
204 250 -1 1 0
203 250 -1 1 0
202 250 -1 1 0
201 250 -1 1 0
200 250 -1 1 0
199 250 -1 1 0
202 249 -1 1 0
208 233 -1 1 0
211 232 -1 1 0
210 232 -1 1 0
209 232 -1 1 0
208 232 -1 1 0
207 232 -1 1 0
206 232 -1 1 0
205 232 -1 1 0
212 231 -1 1 0
211 231 -1 1 0
210 231 -1 1 0
209 231 -1 1 0
208 231 -1 1 0
207 231 -1 1 0
206 231 -1 1 0
205 231 -1 1 0
204 231 -1 1 0
195 231 -1 1 0
212 230 -1 1 0
211 230 -1 1 0
210 230 -1 1 0
209 230 -1 1 0
208 230 -1 1 0
207 230 -1 1 0
206 230 -1 1 0
205 230 -1 1 0
204 230 -1 1 0
198 230 -1 1 0
197 230 -1 1 0
196 230 -1 1 0
195 230 -1 1 0
194 230 -1 1 0
193 230 -1 1 0
192 230 -1 1 0
212 229 -1 1 0
211 229 -1 1 0
210 229 -1 1 0
209 229 -1 1 0
208 229 -1 1 0
207 229 -1 1 0
206 229 -1 1 0
205 229 -1 1 0
204 229 -1 1 0
199 229 -1 1 0
198 229 -1 1 0
197 229 -1 1 0
196 229 -1 1 0
195 229 -1 1 0
194 229 -1 1 0
193 229 -1 1 0
192 229 -1 1 0
191 229 -1 1 0
213 228 -1 1 0
212 228 -1 1 0
211 228 -1 1 0
210 228 -1 1 0
209 228 -1 1 0
208 228 -1 1 0
207 228 -1 1 0
206 228 -1 1 0
205 228 -1 1 0
204 228 -1 1 0
203 228 -1 1 0
199 228 -1 1 0
198 228 -1 1 0
197 228 -1 1 0
196 228 -1 1 0
195 228 -1 1 0
194 228 -1 1 0
193 228 -1 1 0
192 228 -1 1 0
191 228 -1 1 0
212 227 -1 1 0
211 227 -1 1 0
210 227 -1 1 0
209 227 -1 1 0
208 227 -1 1 0
207 227 -1 1 0
206 227 -1 1 0
205 227 -1 1 0
204 227 -1 1 0
199 227 -1 1 0
198 227 -1 1 0
197 227 -1 1 0
196 227 -1 1 0
195 227 -1 1 0
194 227 -1 1 0
193 227 -1 1 0
192 227 -1 1 0
191 227 -1 1 0
212 226 -1 1 0
211 226 -1 1 0
210 226 -1 1 0
209 226 -1 1 0
208 226 -1 1 0
207 226 -1 1 0
206 226 -1 1 0
205 226 -1 1 0
204 226 -1 1 0
200 226 -1 1 0
199 226 -1 1 0
198 226 -1 1 0
197 226 -1 1 0
196 226 -1 1 0
195 226 -1 1 0
194 226 -1 1 0
193 226 -1 1 0
192 226 -1 1 0
191 226 -1 1 0
190 226 -1 1 0
212 225 -1 1 0
211 225 -1 1 0
210 225 -1 1 0
209 225 -1 1 0
208 225 -1 1 0
207 225 -1 1 0
206 225 -1 1 0
205 225 -1 1 0
204 225 -1 1 0
199 225 -1 1 0
198 225 -1 1 0
197 225 -1 1 0
196 225 -1 1 0
195 225 -1 1 0
194 225 -1 1 0
193 225 -1 1 0
192 225 -1 1 0
191 225 -1 1 0
211 224 -1 1 0
210 224 -1 1 0
209 224 -1 1 0
208 224 -1 1 0
207 224 -1 1 0
206 224 -1 1 0
205 224 -1 1 0
199 224 -1 1 0
198 224 -1 1 0
197 224 -1 1 0
196 224 -1 1 0
195 224 -1 1 0
194 224 -1 1 0
193 224 -1 1 0
192 224 -1 1 0
191 224 -1 1 0
208 223 -1 1 0
199 223 -1 1 0
198 223 -1 1 0
197 223 -1 1 0
196 223 -1 1 0
195 223 -1 1 0
194 223 -1 1 0
193 223 -1 1 0
192 223 -1 1 0
191 223 -1 1 0
198 222 -1 1 0
197 222 -1 1 0
196 222 -1 1 0
195 222 -1 1 0
194 222 -1 1 0
193 222 -1 1 0
192 222 -1 1 0
195 221 -1 1 0
182 216 -1 1 0
185 215 -1 1 0
184 215 -1 1 0
183 215 -1 1 0
182 215 -1 1 0
181 215 -1 1 0
180 215 -1 1 0
179 215 -1 1 0
186 214 -1 1 0
185 214 -1 1 0
184 214 -1 1 0
183 214 -1 1 0
182 214 -1 1 0
181 214 -1 1 0
180 214 -1 1 0
179 214 -1 1 0
178 214 -1 1 0
186 213 -1 1 0
185 213 -1 1 0
184 213 -1 1 0
183 213 -1 1 0
182 213 -1 1 0
181 213 -1 1 0
180 213 -1 1 0
179 213 -1 1 0
178 213 -1 1 0
186 212 -1 1 0
185 212 -1 1 0
184 212 -1 1 0
183 212 -1 1 0
182 212 -1 1 0
181 212 -1 1 0
180 212 -1 1 0
179 212 -1 1 0
178 212 -1 1 0
187 211 -1 1 0
186 211 -1 1 0
185 211 -1 1 0
184 211 -1 1 0
183 211 -1 1 0
182 211 -1 1 0
181 211 -1 1 0
180 211 -1 1 0
179 211 -1 1 0
178 211 -1 1 0
177 211 -1 1 0
186 210 -1 1 0
185 210 -1 1 0
184 210 -1 1 0
183 210 -1 1 0
182 210 -1 1 0
181 210 -1 1 0
180 210 -1 1 0
179 210 -1 1 0
178 210 -1 1 0
186 209 -1 1 0
185 209 -1 1 0
184 209 -1 1 0
183 209 -1 1 0
182 209 -1 1 0
181 209 -1 1 0
180 209 -1 1 0
179 209 -1 1 0
178 209 -1 1 0
186 208 -1 1 0
185 208 -1 1 0
184 208 -1 1 0
183 208 -1 1 0
182 208 -1 1 0
181 208 -1 1 0
180 208 -1 1 0
179 208 -1 1 0
178 208 -1 1 0
185 207 -1 1 0
184 207 -1 1 0
183 207 -1 1 0
182 207 -1 1 0
181 207 -1 1 0
180 207 -1 1 0
179 207 -1 1 0
182 206 -1 1 0
195 196 -1 1 0
198 195 -1 1 0
197 195 -1 1 0
196 195 -1 1 0
195 195 -1 1 0
194 195 -1 1 0
193 195 -1 1 0
192 195 -1 1 0
199 194 -1 1 0
198 194 -1 1 0
197 194 -1 1 0
196 194 -1 1 0
195 194 -1 1 0
194 194 -1 1 0
193 194 -1 1 0
192 194 -1 1 0
191 194 -1 1 0
74 194 -1 0 0
199 193 -1 1 0
198 193 -1 1 0
197 193 -1 1 0
196 193 -1 1 0
195 193 -1 1 0
194 193 -1 1 0
193 193 -1 1 0
192 193 -1 1 0
191 193 -1 1 0
77 193 -1 0 0
76 193 -1 0 0
75 193 -1 0 0
74 193 -1 0 0
73 193 -1 0 0
72 193 -1 0 0
71 193 -1 0 0
199 192 -1 1 0
198 192 -1 1 0
197 192 -1 1 0
196 192 -1 1 0
195 192 -1 1 0
194 192 -1 1 0
193 192 -1 1 0
192 192 -1 1 0
191 192 -1 1 0
78 192 -1 0 0
77 192 -1 0 0
76 192 -1 0 0
75 192 -1 0 0
74 192 -1 0 0
73 192 -1 0 0
72 192 -1 0 0
71 192 -1 0 0
70 192 -1 0 0
200 191 -1 1 0
199 191 -1 1 0
198 191 -1 1 0
197 191 -1 1 0
196 191 -1 1 0
195 191 -1 1 0
194 191 -1 1 0
193 191 -1 1 0
192 191 -1 1 0
191 191 -1 1 0
190 191 -1 1 0
78 191 -1 0 0
77 191 -1 0 0
76 191 -1 0 0
75 191 -1 0 0
74 191 -1 0 0
73 191 -1 0 0
72 191 -1 0 0
71 191 -1 0 0
70 191 -1 0 0
199 190 -1 1 0
198 190 -1 1 0
197 190 -1 1 0
196 190 -1 1 0
195 190 -1 1 0
194 190 -1 1 0
193 190 -1 1 0
192 190 -1 1 0
191 190 -1 1 0
78 190 -1 0 0
77 190 -1 0 0
76 190 -1 0 0
75 190 -1 0 0
74 190 -1 0 0
73 190 -1 0 0
72 190 -1 0 0
71 190 -1 0 0
70 190 -1 0 0
199 189 -1 1 0
198 189 -1 1 0
197 189 -1 1 0
196 189 -1 1 0
195 189 -1 1 0
194 189 -1 1 0
193 189 -1 1 0
192 189 -1 1 0
191 189 -1 1 0
79 189 -1 0 0
78 189 -1 0 0
77 189 -1 0 0
76 189 -1 0 0
75 189 -1 0 0
74 189 -1 0 0
73 189 -1 0 0
72 189 -1 0 0
71 189 -1 0 0
70 189 -1 0 0
69 189 -1 0 0
199 188 -1 1 0
198 188 -1 1 0
197 188 -1 1 0
196 188 -1 1 0
195 188 -1 1 0
194 188 -1 1 0
193 188 -1 1 0
192 188 -1 1 0
191 188 -1 1 0
78 188 -1 0 0
77 188 -1 0 0
76 188 -1 0 0
75 188 -1 0 0
74 188 -1 0 0
73 188 -1 0 0
72 188 -1 0 0
71 188 -1 0 0
70 188 -1 0 0
198 187 -1 1 0
197 187 -1 1 0
196 187 -1 1 0
195 187 -1 1 0
194 187 -1 1 0
193 187 -1 1 0
192 187 -1 1 0
78 187 -1 0 0
77 187 -1 0 0
76 187 -1 0 0
75 187 -1 0 0
74 187 -1 0 0
73 187 -1 0 0
72 187 -1 0 0
71 187 -1 0 0
70 187 -1 0 0
195 186 -1 1 0
78 186 -1 0 0
77 186 -1 0 0
76 186 -1 0 0
75 186 -1 0 0
74 186 -1 0 0
73 186 -1 0 0
72 186 -1 0 0
71 186 -1 0 0
70 186 -1 0 0
77 185 -1 0 0
76 185 -1 0 0
75 185 -1 0 0
74 185 -1 0 0
73 185 -1 0 0
72 185 -1 0 0
71 185 -1 0 0
74 184 -1 0 0
182 183 -1 1 0
185 182 -1 1 0
184 182 -1 1 0
183 182 -1 1 0
182 182 -1 1 0
181 182 -1 1 0
180 182 -1 1 0
179 182 -1 1 0
186 181 -1 1 0
185 181 -1 1 0
184 181 -1 1 0
183 181 -1 1 0
182 181 -1 1 0
181 181 -1 1 0
180 181 -1 1 0
179 181 -1 1 0
178 181 -1 1 0
186 180 -1 1 0
185 180 -1 1 0
184 180 -1 1 0
183 180 -1 1 0
182 180 -1 1 0
181 180 -1 1 0
180 180 -1 1 0
179 180 -1 1 0
178 180 -1 1 0
186 179 -1 1 0
185 179 -1 1 0
184 179 -1 1 0
183 179 -1 1 0
182 179 -1 1 0
181 179 -1 1 0
180 179 -1 1 0
179 179 -1 1 0
178 179 -1 1 0
187 178 -1 1 0
186 178 -1 1 0
185 178 -1 1 0
184 178 -1 1 0
183 178 -1 1 0
182 178 -1 1 0
181 178 -1 1 0
180 178 -1 1 0
179 178 -1 1 0
178 178 -1 1 0
177 178 -1 1 0
186 177 -1 1 0
185 177 -1 1 0
184 177 -1 1 0
183 177 -1 1 0
182 177 -1 1 0
181 177 -1 1 0
180 177 -1 1 0
179 177 -1 1 0
178 177 -1 1 0
186 176 -1 1 0
185 176 -1 1 0
184 176 -1 1 0
183 176 -1 1 0
182 176 -1 1 0
181 176 -1 1 0
180 176 -1 1 0
179 176 -1 1 0
178 176 -1 1 0
186 175 -1 1 0
185 175 -1 1 0
184 175 -1 1 0
183 175 -1 1 0
182 175 -1 1 0
181 175 -1 1 0
180 175 -1 1 0
179 175 -1 1 0
178 175 -1 1 0
185 174 -1 1 0
184 174 -1 1 0
183 174 -1 1 0
182 174 -1 1 0
181 174 -1 1 0
180 174 -1 1 0
179 174 -1 1 0
182 173 -1 1 0
277 140 -1 0 0
280 139 -1 0 0
279 139 -1 0 0
278 139 -1 0 0
277 139 -1 0 0
276 139 -1 0 0
275 139 -1 0 0
274 139 -1 0 0
281 138 -1 0 0
280 138 -1 0 0
279 138 -1 0 0
278 138 -1 0 0
277 138 -1 0 0
276 138 -1 0 0
275 138 -1 0 0
274 138 -1 0 0
273 138 -1 0 0
281 137 -1 0 0
280 137 -1 0 0
279 137 -1 0 0
278 137 -1 0 0
277 137 -1 0 0
276 137 -1 0 0
275 137 -1 0 0
274 137 -1 0 0
273 137 -1 0 0
281 136 -1 0 0
280 136 -1 0 0
279 136 -1 0 0
278 136 -1 0 0
277 136 -1 0 0
276 136 -1 0 0
275 136 -1 0 0
274 136 -1 0 0
273 136 -1 0 0
282 135 -1 0 0
281 135 -1 0 0
280 135 -1 0 0
279 135 -1 0 0
278 135 -1 0 0
277 135 -1 0 0
276 135 -1 0 0
275 135 -1 0 0
274 135 -1 0 0
273 135 -1 0 0
272 135 -1 0 0
281 134 -1 0 0
280 134 -1 0 0
279 134 -1 0 0
278 134 -1 0 0
277 134 -1 0 0
276 134 -1 0 0
275 134 -1 0 0
274 134 -1 0 0
273 134 -1 0 0
281 133 -1 0 0
280 133 -1 0 0
279 133 -1 0 0
278 133 -1 0 0
277 133 -1 0 0
276 133 -1 0 0
275 133 -1 0 0
274 133 -1 0 0
273 133 -1 0 0
281 132 -1 0 0
280 132 -1 0 0
279 132 -1 0 0
278 132 -1 0 0
277 132 -1 0 0
276 132 -1 0 0
275 132 -1 0 0
274 132 -1 0 0
273 132 -1 0 0
280 131 -1 0 0
279 131 -1 0 0
278 131 -1 0 0
277 131 -1 0 0
276 131 -1 0 0
275 131 -1 0 0
274 131 -1 0 0
277 130 -1 0 0
153 124 -1 1 0
156 123 -1 1 0
155 123 -1 1 0
154 123 -1 1 0
153 123 -1 1 0
152 123 -1 1 0
151 123 -1 1 0
150 123 -1 1 0
157 122 -1 1 0
156 122 -1 1 0
155 122 -1 1 0
154 122 -1 1 0
153 122 -1 1 0
152 122 -1 1 0
151 122 -1 1 0
150 122 -1 1 0
149 122 -1 1 0
157 121 -1 1 0
156 121 -1 1 0
155 121 -1 1 0
154 121 -1 1 0
153 121 -1 1 0
152 121 -1 1 0
151 121 -1 1 0
150 121 -1 1 0
149 121 -1 1 0
378 120 -1 0 0
157 120 -1 1 0
156 120 -1 1 0
155 120 -1 1 0
154 120 -1 1 0
153 120 -1 1 0
152 120 -1 1 0
151 120 -1 1 0
150 120 -1 1 0
149 120 -1 1 0
133 120 -1 1 0
381 119 -1 0 0
380 119 -1 0 0
379 119 -1 0 0
378 119 -1 0 0
377 119 -1 0 0
376 119 -1 0 0
375 119 -1 0 0
158 119 -1 1 0
157 119 -1 1 0
156 119 -1 1 0
155 119 -1 1 0
154 119 -1 1 0
153 119 -1 1 0
152 119 -1 1 0
151 119 -1 1 0
150 119 -1 1 0
149 119 -1 1 0
148 119 -1 1 0
136 119 -1 1 0
135 119 -1 1 0
134 119 -1 1 0
133 119 -1 1 0
132 119 -1 1 0
131 119 -1 1 0
130 119 -1 1 0
382 118 -1 0 0
381 118 -1 0 0
380 118 -1 0 0
379 118 -1 0 0
378 118 -1 0 0
377 118 -1 0 0
376 118 -1 0 0
375 118 -1 0 0
374 118 -1 0 0
157 118 -1 1 0
156 118 -1 1 0
155 118 -1 1 0
154 118 -1 1 0
153 118 -1 1 0
152 118 -1 1 0
151 118 -1 1 0
150 118 -1 1 0
149 118 -1 1 0
137 118 -1 1 0
136 118 -1 1 0
135 118 -1 1 0
134 118 -1 1 0
133 118 -1 1 0
132 118 -1 1 0
131 118 -1 1 0
130 118 -1 1 0
129 118 -1 1 0
382 117 -1 0 0
381 117 -1 0 0
380 117 -1 0 0
379 117 -1 0 0
378 117 -1 0 0
377 117 -1 0 0
376 117 -1 0 0
375 117 -1 0 0
374 117 -1 0 0
157 117 -1 1 0
156 117 -1 1 0
155 117 -1 1 0
154 117 -1 1 0
153 117 -1 1 0
152 117 -1 1 0
151 117 -1 1 0
150 117 -1 1 0
149 117 -1 1 0
137 117 -1 1 0
136 117 -1 1 0
135 117 -1 1 0
134 117 -1 1 0
133 117 -1 1 0
132 117 -1 1 0
131 117 -1 1 0
130 117 -1 1 0
129 117 -1 1 0
382 116 -1 0 0
381 116 -1 0 0
380 116 -1 0 0
379 116 -1 0 0
378 116 -1 0 0
377 116 -1 0 0
376 116 -1 0 0
375 116 -1 0 0
374 116 -1 0 0
157 116 -1 1 0
156 116 -1 1 0
155 116 -1 1 0
154 116 -1 1 0
153 116 -1 1 0
152 116 -1 1 0
151 116 -1 1 0
150 116 -1 1 0
149 116 -1 1 0
137 116 -1 1 0
136 116 -1 1 0
135 116 -1 1 0
134 116 -1 1 0
133 116 -1 1 0
132 116 -1 1 0
131 116 -1 1 0
130 116 -1 1 0
129 116 -1 1 0
383 115 -1 0 0
382 115 -1 0 0
381 115 -1 0 0
380 115 -1 0 0
379 115 -1 0 0
378 115 -1 0 0
377 115 -1 0 0
376 115 -1 0 0
375 115 -1 0 0
374 115 -1 0 0
373 115 -1 0 0
156 115 -1 1 0
155 115 -1 1 0
154 115 -1 1 0
153 115 -1 1 0
152 115 -1 1 0
151 115 -1 1 0
150 115 -1 1 0
138 115 -1 1 0
137 115 -1 1 0
136 115 -1 1 0
135 115 -1 1 0
134 115 -1 1 0
133 115 -1 1 0
132 115 -1 1 0
131 115 -1 1 0
130 115 -1 1 0
129 115 -1 1 0
128 115 -1 1 0
382 114 -1 0 0
381 114 -1 0 0
380 114 -1 0 0
379 114 -1 0 0
378 114 -1 0 0
377 114 -1 0 0
376 114 -1 0 0
375 114 -1 0 0
374 114 -1 0 0
153 114 -1 1 0
137 114 -1 1 0
136 114 -1 1 0
135 114 -1 1 0
134 114 -1 1 0
133 114 -1 1 0
132 114 -1 1 0
131 114 -1 1 0
130 114 -1 1 0
129 114 -1 1 0
382 113 -1 0 0
381 113 -1 0 0
380 113 -1 0 0
379 113 -1 0 0
378 113 -1 0 0
377 113 -1 0 0
376 113 -1 0 0
375 113 -1 0 0
374 113 -1 0 0
137 113 -1 1 0
136 113 -1 1 0
135 113 -1 1 0
134 113 -1 1 0
133 113 -1 1 0
132 113 -1 1 0
131 113 -1 1 0
130 113 -1 1 0
129 113 -1 1 0
382 112 -1 0 0
381 112 -1 0 0
380 112 -1 0 0
379 112 -1 0 0
378 112 -1 0 0
377 112 -1 0 0
376 112 -1 0 0
375 112 -1 0 0
374 112 -1 0 0
137 112 -1 1 0
136 112 -1 1 0
135 112 -1 1 0
134 112 -1 1 0
133 112 -1 1 0
132 112 -1 1 0
131 112 -1 1 0
130 112 -1 1 0
129 112 -1 1 0
381 111 -1 0 0
380 111 -1 0 0
379 111 -1 0 0
378 111 -1 0 0
377 111 -1 0 0
376 111 -1 0 0
375 111 -1 0 0
136 111 -1 1 0
135 111 -1 1 0
134 111 -1 1 0
133 111 -1 1 0
132 111 -1 1 0
131 111 -1 1 0
130 111 -1 1 0
378 110 -1 0 0
133 110 -1 1 0
175 107 -1 1 0
178 106 -1 1 0
177 106 -1 1 0
176 106 -1 1 0
175 106 -1 1 0
174 106 -1 1 0
173 106 -1 1 0
172 106 -1 1 0
179 105 -1 1 0
178 105 -1 1 0
177 105 -1 1 0
176 105 -1 1 0
175 105 -1 1 0
174 105 -1 1 0
173 105 -1 1 0
172 105 -1 1 0
171 105 -1 1 0
179 104 -1 1 0
178 104 -1 1 0
177 104 -1 1 0
176 104 -1 1 0
175 104 -1 1 0
174 104 -1 1 0
173 104 -1 1 0
172 104 -1 1 0
171 104 -1 1 0
106 104 -1 1 0
179 103 -1 1 0
178 103 -1 1 0
177 103 -1 1 0
176 103 -1 1 0
175 103 -1 1 0
174 103 -1 1 0
173 103 -1 1 0
172 103 -1 1 0
171 103 -1 1 0
109 103 -1 1 0
108 103 -1 1 0
107 103 -1 1 0
106 103 -1 1 0
105 103 -1 1 0
104 103 -1 1 0
103 103 -1 1 0
180 102 -1 1 0
179 102 -1 1 0
178 102 -1 1 0
177 102 -1 1 0
176 102 -1 1 0
175 102 -1 1 0
174 102 -1 1 0
173 102 -1 1 0
172 102 -1 1 0
171 102 -1 1 0
170 102 -1 1 0
151 102 -1 1 0
110 102 -1 1 0
109 102 -1 1 0
108 102 -1 1 0
107 102 -1 1 0
106 102 -1 1 0
105 102 -1 1 0
104 102 -1 1 0
103 102 -1 1 0
102 102 -1 1 0
179 101 -1 1 0
178 101 -1 1 0
177 101 -1 1 0
176 101 -1 1 0
175 101 -1 1 0
174 101 -1 1 0
173 101 -1 1 0
172 101 -1 1 0
171 101 -1 1 0
154 101 -1 1 0
153 101 -1 1 0
152 101 -1 1 0
151 101 -1 1 0
150 101 -1 1 0
149 101 -1 1 0
148 101 -1 1 0
110 101 -1 1 0
109 101 -1 1 0
108 101 -1 1 0
107 101 -1 1 0
106 101 -1 1 0
105 101 -1 1 0
104 101 -1 1 0
103 101 -1 1 0
102 101 -1 1 0
179 100 -1 1 0
178 100 -1 1 0
177 100 -1 1 0
176 100 -1 1 0
175 100 -1 1 0
174 100 -1 1 0
173 100 -1 1 0
172 100 -1 1 0
171 100 -1 1 0
155 100 -1 1 0
154 100 -1 1 0
153 100 -1 1 0
152 100 -1 1 0
151 100 -1 1 0
150 100 -1 1 0
149 100 -1 1 0
148 100 -1 1 0
147 100 -1 1 0
110 100 -1 1 0
109 100 -1 1 0
108 100 -1 1 0
107 100 -1 1 0
106 100 -1 1 0
105 100 -1 1 0
104 100 -1 1 0
103 100 -1 1 0
102 100 -1 1 0
179 99 -1 1 0
178 99 -1 1 0
177 99 -1 1 0
176 99 -1 1 0
175 99 -1 1 0
174 99 -1 1 0
173 99 -1 1 0
172 99 -1 1 0
171 99 -1 1 0
155 99 -1 1 0
154 99 -1 1 0
153 99 -1 1 0
152 99 -1 1 0
151 99 -1 1 0
150 99 -1 1 0
149 99 -1 1 0
148 99 -1 1 0
147 99 -1 1 0
130 99 -1 1 0
111 99 -1 1 0
110 99 -1 1 0
109 99 -1 1 0
108 99 -1 1 0
107 99 -1 1 0
106 99 -1 1 0
105 99 -1 1 0
104 99 -1 1 0
103 99 -1 1 0
102 99 -1 1 0
101 99 -1 1 0
178 98 -1 1 0
177 98 -1 1 0
176 98 -1 1 0
175 98 -1 1 0
174 98 -1 1 0
173 98 -1 1 0
172 98 -1 1 0
155 98 -1 1 0
154 98 -1 1 0
153 98 -1 1 0
152 98 -1 1 0
151 98 -1 1 0
150 98 -1 1 0
149 98 -1 1 0
148 98 -1 1 0
147 98 -1 1 0
133 98 -1 1 0
132 98 -1 1 0
131 98 -1 1 0
130 98 -1 1 0
129 98 -1 1 0
128 98 -1 1 0
127 98 -1 1 0
110 98 -1 1 0
109 98 -1 1 0
108 98 -1 1 0
107 98 -1 1 0
106 98 -1 1 0
105 98 -1 1 0
104 98 -1 1 0
103 98 -1 1 0
102 98 -1 1 0
175 97 -1 1 0
156 97 -1 1 0
155 97 -1 1 0
154 97 -1 1 0
153 97 -1 1 0
152 97 -1 1 0
151 97 -1 1 0
150 97 -1 1 0
149 97 -1 1 0
148 97 -1 1 0
147 97 -1 1 0
146 97 -1 1 0
134 97 -1 1 0
133 97 -1 1 0
132 97 -1 1 0
131 97 -1 1 0
130 97 -1 1 0
129 97 -1 1 0
128 97 -1 1 0
127 97 -1 1 0
126 97 -1 1 0
110 97 -1 1 0
109 97 -1 1 0
108 97 -1 1 0
107 97 -1 1 0
106 97 -1 1 0
105 97 -1 1 0
104 97 -1 1 0
103 97 -1 1 0
102 97 -1 1 0
155 96 -1 1 0
154 96 -1 1 0
153 96 -1 1 0
152 96 -1 1 0
151 96 -1 1 0
150 96 -1 1 0
149 96 -1 1 0
148 96 -1 1 0
147 96 -1 1 0
134 96 -1 1 0
133 96 -1 1 0
132 96 -1 1 0
131 96 -1 1 0
130 96 -1 1 0
129 96 -1 1 0
128 96 -1 1 0
127 96 -1 1 0
126 96 -1 1 0
110 96 -1 1 0
109 96 -1 1 0
108 96 -1 1 0
107 96 -1 1 0
106 96 -1 1 0
105 96 -1 1 0
104 96 -1 1 0
103 96 -1 1 0
102 96 -1 1 0
155 95 -1 1 0
154 95 -1 1 0
153 95 -1 1 0
152 95 -1 1 0
151 95 -1 1 0
150 95 -1 1 0
149 95 -1 1 0
148 95 -1 1 0
147 95 -1 1 0
134 95 -1 1 0
133 95 -1 1 0
132 95 -1 1 0
131 95 -1 1 0
130 95 -1 1 0
129 95 -1 1 0
128 95 -1 1 0
127 95 -1 1 0
126 95 -1 1 0
109 95 -1 1 0
108 95 -1 1 0
107 95 -1 1 0
106 95 -1 1 0
105 95 -1 1 0
104 95 -1 1 0
103 95 -1 1 0
155 94 -1 1 0
154 94 -1 1 0
153 94 -1 1 0
152 94 -1 1 0
151 94 -1 1 0
150 94 -1 1 0
149 94 -1 1 0
148 94 -1 1 0
147 94 -1 1 0
135 94 -1 1 0
134 94 -1 1 0
133 94 -1 1 0
132 94 -1 1 0
131 94 -1 1 0
130 94 -1 1 0
129 94 -1 1 0
128 94 -1 1 0
127 94 -1 1 0
126 94 -1 1 0
125 94 -1 1 0
106 94 -1 1 0
154 93 -1 1 0
153 93 -1 1 0
152 93 -1 1 0
151 93 -1 1 0
150 93 -1 1 0
149 93 -1 1 0
148 93 -1 1 0
134 93 -1 1 0
133 93 -1 1 0
132 93 -1 1 0
131 93 -1 1 0
130 93 -1 1 0
129 93 -1 1 0
128 93 -1 1 0
127 93 -1 1 0
126 93 -1 1 0
151 92 -1 1 0
134 92 -1 1 0
133 92 -1 1 0
132 92 -1 1 0
131 92 -1 1 0
130 92 -1 1 0
129 92 -1 1 0
128 92 -1 1 0
127 92 -1 1 0
126 92 -1 1 0
134 91 -1 1 0
133 91 -1 1 0
132 91 -1 1 0
131 91 -1 1 0
130 91 -1 1 0
129 91 -1 1 0
128 91 -1 1 0
127 91 -1 1 0
126 91 -1 1 0
133 90 -1 1 0
132 90 -1 1 0
131 90 -1 1 0
130 90 -1 1 0
129 90 -1 1 0
128 90 -1 1 0
127 90 -1 1 0
130 89 -1 1 0
73 67 -1 0 0
76 66 -1 0 0
75 66 -1 0 0
74 66 -1 0 0
73 66 -1 0 0
72 66 -1 0 0
71 66 -1 0 0
70 66 -1 0 0
77 65 -1 0 0
76 65 -1 0 0
75 65 -1 0 0
74 65 -1 0 0
73 65 -1 0 0
72 65 -1 0 0
71 65 -1 0 0
70 65 -1 0 0
69 65 -1 0 0
77 64 -1 0 0
76 64 -1 0 0
75 64 -1 0 0
74 64 -1 0 0
73 64 -1 0 0
72 64 -1 0 0
71 64 -1 0 0
70 64 -1 0 0
69 64 -1 0 0
77 63 -1 0 0
76 63 -1 0 0
75 63 -1 0 0
74 63 -1 0 0
73 63 -1 0 0
72 63 -1 0 0
71 63 -1 0 0
70 63 -1 0 0
69 63 -1 0 0
78 62 -1 0 0
77 62 -1 0 0
76 62 -1 0 0
75 62 -1 0 0
74 62 -1 0 0
73 62 -1 0 0
72 62 -1 0 0
71 62 -1 0 0
70 62 -1 0 0
69 62 -1 0 0
68 62 -1 0 0
77 61 -1 0 0
76 61 -1 0 0
75 61 -1 0 0
74 61 -1 0 0
73 61 -1 0 0
72 61 -1 0 0
71 61 -1 0 0
70 61 -1 0 0
69 61 -1 0 0
77 60 -1 0 0
76 60 -1 0 0
75 60 -1 0 0
74 60 -1 0 0
73 60 -1 0 0
72 60 -1 0 0
71 60 -1 0 0
70 60 -1 0 0
69 60 -1 0 0
77 59 -1 0 0
76 59 -1 0 0
75 59 -1 0 0
74 59 -1 0 0
73 59 -1 0 0
72 59 -1 0 0
71 59 -1 0 0
70 59 -1 0 0
69 59 -1 0 0
76 58 -1 0 0
75 58 -1 0 0
74 58 -1 0 0
73 58 -1 0 0
72 58 -1 0 0
71 58 -1 0 0
70 58 -1 0 0
73 57 -1 0 0
164 20 -1 0 0
167 19 -1 0 0
166 19 -1 0 0
165 19 -1 0 0
164 19 -1 0 0
163 19 -1 0 0
162 19 -1 0 0
161 19 -1 0 0
168 18 -1 0 0
167 18 -1 0 0
166 18 -1 0 0
165 18 -1 0 0
164 18 -1 0 0
163 18 -1 0 0
162 18 -1 0 0
161 18 -1 0 0
160 18 -1 0 0
168 17 -1 0 0
167 17 -1 0 0
166 17 -1 0 0
165 17 -1 0 0
164 17 -1 0 0
163 17 -1 0 0
162 17 -1 0 0
161 17 -1 0 0
160 17 -1 0 0
168 16 -1 0 0
167 16 -1 0 0
166 16 -1 0 0
165 16 -1 0 0
164 16 -1 0 0
163 16 -1 0 0
162 16 -1 0 0
161 16 -1 0 0
160 16 -1 0 0
169 15 -1 0 0
168 15 -1 0 0
167 15 -1 0 0
166 15 -1 0 0
165 15 -1 0 0
164 15 -1 0 0
163 15 -1 0 0
162 15 -1 0 0
161 15 -1 0 0
160 15 -1 0 0
159 15 -1 0 0
168 14 -1 0 0
167 14 -1 0 0
166 14 -1 0 0
165 14 -1 0 0
164 14 -1 0 0
163 14 -1 0 0
162 14 -1 0 0
161 14 -1 0 0
160 14 -1 0 0
168 13 -1 0 0
167 13 -1 0 0
166 13 -1 0 0
165 13 -1 0 0
164 13 -1 0 0
163 13 -1 0 0
162 13 -1 0 0
161 13 -1 0 0
160 13 -1 0 0
168 12 -1 0 0
167 12 -1 0 0
166 12 -1 0 0
165 12 -1 0 0
164 12 -1 0 0
163 12 -1 0 0
162 12 -1 0 0
161 12 -1 0 0
160 12 -1 0 0
167 11 -1 0 0
166 11 -1 0 0
165 11 -1 0 0
164 11 -1 0 0
163 11 -1 0 0
162 11 -1 0 0
161 11 -1 0 0
164 10 -1 0 0
