1215 400 400
39 384 -1 0 0
42 383 -1 0 0
41 383 -1 0 0
40 383 -1 0 0
39 383 -1 0 0
38 383 -1 0 0
37 383 -1 0 0
36 383 -1 0 0
43 382 -1 0 0
42 382 -1 0 0
41 382 -1 0 0
40 382 -1 0 0
39 382 -1 0 0
38 382 -1 0 0
37 382 -1 0 0
36 382 -1 0 0
35 382 -1 0 0
214 381 -1 0 0
43 381 -1 0 0
42 381 -1 0 0
41 381 -1 0 0
40 381 -1 0 0
39 381 -1 0 0
38 381 -1 0 0
37 381 -1 0 0
36 381 -1 0 0
35 381 -1 0 0
217 380 -1 0 0
216 380 -1 0 0
215 380 -1 0 0
214 380 -1 0 0
213 380 -1 0 0
212 380 -1 0 0
211 380 -1 0 0
43 380 -1 0 0
42 380 -1 0 0
41 380 -1 0 0
40 380 -1 0 0
39 380 -1 0 0
38 380 -1 0 0
37 380 -1 0 0
36 380 -1 0 0
35 380 -1 0 0
218 379 -1 0 0
217 379 -1 0 0
216 379 -1 0 0
215 379 -1 0 0
214 379 -1 0 0
213 379 -1 0 0
212 379 -1 0 0
211 379 -1 0 0
210 379 -1 0 0
44 379 -1 0 0
43 379 -1 0 0
42 379 -1 0 0
41 379 -1 0 0
40 379 -1 0 0
39 379 -1 0 0
38 379 -1 0 0
37 379 -1 0 0
36 379 -1 0 0
35 379 -1 0 0
34 379 -1 0 0
218 378 -1 0 0
217 378 -1 0 0
216 378 -1 0 0
215 378 -1 0 0
214 378 -1 0 0
213 378 -1 0 0
212 378 -1 0 0
211 378 -1 0 0
210 378 -1 0 0
43 378 -1 0 0
42 378 -1 0 0
41 378 -1 0 0
40 378 -1 0 0
39 378 -1 0 0
38 378 -1 0 0
37 378 -1 0 0
36 378 -1 0 0
35 378 -1 0 0
218 377 -1 0 0
217 377 -1 0 0
216 377 -1 0 0
215 377 -1 0 0
214 377 -1 0 0
213 377 -1 0 0
212 377 -1 0 0
211 377 -1 0 0
210 377 -1 0 0
43 377 -1 0 0
42 377 -1 0 0
41 377 -1 0 0
40 377 -1 0 0
39 377 -1 0 0
38 377 -1 0 0
37 377 -1 0 0
36 377 -1 0 0
35 377 -1 0 0
219 376 -1 0 0
218 376 -1 0 0
217 376 -1 0 0
216 376 -1 0 0
215 376 -1 0 0
214 376 -1 0 0
213 376 -1 0 0
212 376 -1 0 0
211 376 -1 0 0
210 376 -1 0 0
209 376 -1 0 0
43 376 -1 0 0
42 376 -1 0 0
41 376 -1 0 0
40 376 -1 0 0
39 376 -1 0 0
38 376 -1 0 0
37 376 -1 0 0
36 376 -1 0 0
35 376 -1 0 0
218 375 -1 0 0
217 375 -1 0 0
216 375 -1 0 0
215 375 -1 0 0
214 375 -1 0 0
213 375 -1 0 0
212 375 -1 0 0
211 375 -1 0 0
210 375 -1 0 0
42 375 -1 0 0
41 375 -1 0 0
40 375 -1 0 0
39 375 -1 0 0
38 375 -1 0 0
37 375 -1 0 0
36 375 -1 0 0
218 374 -1 0 0
217 374 -1 0 0
216 374 -1 0 0
215 374 -1 0 0
214 374 -1 0 0
213 374 -1 0 0
212 374 -1 0 0
211 374 -1 0 0
210 374 -1 0 0
39 374 -1 0 0
218 373 -1 0 0
217 373 -1 0 0
216 373 -1 0 0
215 373 -1 0 0
214 373 -1 0 0
213 373 -1 0 0
212 373 -1 0 0
211 373 -1 0 0
210 373 -1 0 0
217 372 -1 0 0
216 372 -1 0 0
215 372 -1 0 0
214 372 -1 0 0
213 372 -1 0 0
212 372 -1 0 0
211 372 -1 0 0
214 371 -1 0 0
389 307 -1 0 0
206 307 -1 0 0
392 306 -1 0 0
391 306 -1 0 0
390 306 -1 0 0
389 306 -1 0 0
388 306 -1 0 0
387 306 -1 0 0
386 306 -1 0 0
209 306 -1 0 0
208 306 -1 0 0
207 306 -1 0 0
206 306 -1 0 0
205 306 -1 0 0
204 306 -1 0 0
203 306 -1 0 0
393 305 -1 0 0
392 305 -1 0 0
391 305 -1 0 0
390 305 -1 0 0
389 305 -1 0 0
388 305 -1 0 0
387 305 -1 0 0
386 305 -1 0 0
385 305 -1 0 0
210 305 -1 0 0
209 305 -1 0 0
208 305 -1 0 0
207 305 -1 0 0
206 305 -1 0 0
205 305 -1 0 0
204 305 -1 0 0
203 305 -1 0 0
202 305 -1 0 0
393 304 -1 0 0
392 304 -1 0 0
391 304 -1 0 0
390 304 -1 0 0
389 304 -1 0 0
388 304 -1 0 0
387 304 -1 0 0
386 304 -1 0 0
385 304 -1 0 0
210 304 -1 0 0
209 304 -1 0 0
208 304 -1 0 0
207 304 -1 0 0
206 304 -1 0 0
205 304 -1 0 0
204 304 -1 0 0
203 304 -1 0 0
202 304 -1 0 0
393 303 -1 0 0
392 303 -1 0 0
391 303 -1 0 0
390 303 -1 0 0
389 303 -1 0 0
388 303 -1 0 0
387 303 -1 0 0
386 303 -1 0 0
385 303 -1 0 0
210 303 -1 0 0
209 303 -1 0 0
208 303 -1 0 0
207 303 -1 0 0
206 303 -1 0 0
205 303 -1 0 0
204 303 -1 0 0
203 303 -1 0 0
202 303 -1 0 0
394 302 -1 0 0
393 302 -1 0 0
392 302 -1 0 0
391 302 -1 0 0
390 302 -1 0 0
389 302 -1 0 0
388 302 -1 0 0
387 302 -1 0 0
386 302 -1 0 0
385 302 -1 0 0
384 302 -1 0 0
211 302 -1 0 0
210 302 -1 0 0
209 302 -1 0 0
208 302 -1 0 0
207 302 -1 0 0
206 302 -1 0 0
205 302 -1 0 0
204 302 -1 0 0
203 302 -1 0 0
202 302 -1 0 0
201 302 -1 0 0
393 301 -1 0 0
392 301 -1 0 0
391 301 -1 0 0
390 301 -1 0 0
389 301 -1 0 0
388 301 -1 0 0
387 301 -1 0 0
386 301 -1 0 0
385 301 -1 0 0
210 301 -1 0 0
209 301 -1 0 0
208 301 -1 0 0
207 301 -1 0 0
206 301 -1 0 0
205 301 -1 0 0
204 301 -1 0 0
203 301 -1 0 0
202 301 -1 0 0
393 300 -1 0 0
392 300 -1 0 0
391 300 -1 0 0
390 300 -1 0 0
389 300 -1 0 0
388 300 -1 0 0
387 300 -1 0 0
386 300 -1 0 0
385 300 -1 0 0
210 300 -1 0 0
209 300 -1 0 0
208 300 -1 0 0
207 300 -1 0 0
206 300 -1 0 0
205 300 -1 0 0
204 300 -1 0 0
203 300 -1 0 0
202 300 -1 0 0
393 299 -1 0 0
392 299 -1 0 0
391 299 -1 0 0
390 299 -1 0 0
389 299 -1 0 0
388 299 -1 0 0
387 299 -1 0 0
386 299 -1 0 0
385 299 -1 0 0
210 299 -1 0 0
209 299 -1 0 0
208 299 -1 0 0
207 299 -1 0 0
206 299 -1 0 0
205 299 -1 0 0
204 299 -1 0 0
203 299 -1 0 0
202 299 -1 0 0
392 298 -1 0 0
391 298 -1 0 0
390 298 -1 0 0
389 298 -1 0 0
388 298 -1 0 0
387 298 -1 0 0
386 298 -1 0 0
209 298 -1 0 0
208 298 -1 0 0
207 298 -1 0 0
206 298 -1 0 0
205 298 -1 0 0
204 298 -1 0 0
203 298 -1 0 0
389 297 -1 0 0
206 297 -1 0 0
41 258 -1 0 0
44 257 -1 0 0
43 257 -1 0 0
42 257 -1 0 0
41 257 -1 0 0
40 257 -1 0 0
39 257 -1 0 0
38 257 -1 0 0
45 256 -1 0 0
44 256 -1 0 0
43 256 -1 0 0
42 256 -1 0 0
41 256 -1 0 0
40 256 -1 0 0
39 256 -1 0 0
38 256 -1 0 0
37 256 -1 0 0
45 255 -1 0 0
44 255 -1 0 0
43 255 -1 0 0
42 255 -1 0 0
41 255 -1 0 0
40 255 -1 0 0
39 255 -1 0 0
38 255 -1 0 0
37 255 -1 0 0
45 254 -1 0 0
44 254 -1 0 0
43 254 -1 0 0
42 254 -1 0 0
41 254 -1 0 0
40 254 -1 0 0
39 254 -1 0 0
38 254 -1 0 0
37 254 -1 0 0
46 253 -1 0 0
45 253 -1 0 0
44 253 -1 0 0
43 253 -1 0 0
42 253 -1 0 0
41 253 -1 0 0
40 253 -1 0 0
39 253 -1 0 0
38 253 -1 0 0
37 253 -1 0 0
36 253 -1 0 0
45 252 -1 0 0
44 252 -1 0 0
43 252 -1 0 0
42 252 -1 0 0
41 252 -1 0 0
40 252 -1 0 0
39 252 -1 0 0
38 252 -1 0 0
37 252 -1 0 0
45 251 -1 0 0
44 251 -1 0 0
43 251 -1 0 0
42 251 -1 0 0
41 251 -1 0 0
40 251 -1 0 0
39 251 -1 0 0
38 251 -1 0 0
37 251 -1 0 0
45 250 -1 0 0
44 250 -1 0 0
43 250 -1 0 0
42 250 -1 0 0
41 250 -1 0 0
40 250 -1 0 0
39 250 -1 0 0
38 250 -1 0 0
37 250 -1 0 0
44 249 -1 0 0
43 249 -1 0 0
42 249 -1 0 0
41 249 -1 0 0
40 249 -1 0 0
39 249 -1 0 0
38 249 -1 0 0
41 248 -1 0 0
48 162 -1 0 0
141 161 -1 1 0
51 161 -1 0 0
50 161 -1 0 0
49 161 -1 0 0
48 161 -1 0 0
47 161 -1 0 0
46 161 -1 0 0
45 161 -1 0 0
294 160 -1 0 0
144 160 -1 1 0
143 160 -1 1 0
142 160 -1 1 0
141 160 -1 1 0
140 160 -1 1 0
139 160 -1 1 0
138 160 -1 1 0
52 160 -1 0 0
51 160 -1 0 0
50 160 -1 0 0
49 160 -1 0 0
48 160 -1 0 0
47 160 -1 0 0
46 160 -1 0 0
45 160 -1 0 0
44 160 -1 0 0
297 159 -1 0 0
296 159 -1 0 0
295 159 -1 0 0
294 159 -1 0 0
293 159 -1 0 0
292 159 -1 0 0
291 159 -1 0 0
145 159 -1 1 0
144 159 -1 1 0
143 159 -1 1 0
142 159 -1 1 0
141 159 -1 1 0
140 159 -1 1 0
139 159 -1 1 0
138 159 -1 1 0
137 159 -1 1 0
52 159 -1 0 0
51 159 -1 0 0
50 159 -1 0 0
49 159 -1 0 0
48 159 -1 0 0
47 159 -1 0 0
46 159 -1 0 0
45 159 -1 0 0
44 159 -1 0 0
298 158 -1 0 0
297 158 -1 0 0
296 158 -1 0 0
295 158 -1 0 0
294 158 -1 0 0
293 158 -1 0 0
292 158 -1 0 0
291 158 -1 0 0
290 158 -1 0 0
166 158 -1 1 0
145 158 -1 1 0
144 158 -1 1 0
143 158 -1 1 0
142 158 -1 1 0
141 158 -1 1 0
140 158 -1 1 0
139 158 -1 1 0
138 158 -1 1 0
137 158 -1 1 0
52 158 -1 0 0
51 158 -1 0 0
50 158 -1 0 0
49 158 -1 0 0
48 158 -1 0 0
47 158 -1 0 0
46 158 -1 0 0
45 158 -1 0 0
44 158 -1 0 0
298 157 -1 0 0
297 157 -1 0 0
296 157 -1 0 0
295 157 -1 0 0
294 157 -1 0 0
293 157 -1 0 0
292 157 -1 0 0
291 157 -1 0 0
290 157 -1 0 0
169 157 -1 1 0
168 157 -1 1 0
167 157 -1 1 0
166 157 -1 1 0
165 157 -1 1 0
164 157 -1 1 0
163 157 -1 1 0
145 157 -1 1 0
144 157 -1 1 0
143 157 -1 1 0
142 157 -1 1 0
141 157 -1 1 0
140 157 -1 1 0
139 157 -1 1 0
138 157 -1 1 0
137 157 -1 1 0
53 157 -1 0 0
52 157 -1 0 0
51 157 -1 0 0
50 157 -1 0 0
49 157 -1 0 0
48 157 -1 0 0
47 157 -1 0 0
46 157 -1 0 0
45 157 -1 0 0
44 157 -1 0 0
43 157 -1 0 0
298 156 -1 0 0
297 156 -1 0 0
296 156 -1 0 0
295 156 -1 0 0
294 156 -1 0 0
293 156 -1 0 0
292 156 -1 0 0
291 156 -1 0 0
290 156 -1 0 0
170 156 -1 1 0
169 156 -1 1 0
168 156 -1 1 0
167 156 -1 1 0
166 156 -1 1 0
165 156 -1 1 0
164 156 -1 1 0
163 156 -1 1 0
162 156 -1 1 0
146 156 -1 1 0
145 156 -1 1 0
144 156 -1 1 0
143 156 -1 1 0
142 156 -1 1 0
141 156 -1 1 0
140 156 -1 1 0
139 156 -1 1 0
138 156 -1 1 0
137 156 -1 1 0
136 156 -1 1 0
52 156 -1 0 0
51 156 -1 0 0
50 156 -1 0 0
49 156 -1 0 0
48 156 -1 0 0
47 156 -1 0 0
46 156 -1 0 0
45 156 -1 0 0
44 156 -1 0 0
389 155 -1 0 0
299 155 -1 0 0
298 155 -1 0 0
297 155 -1 0 0
296 155 -1 0 0
295 155 -1 0 0
294 155 -1 0 0
293 155 -1 0 0
292 155 -1 0 0
291 155 -1 0 0
290 155 -1 0 0
289 155 -1 0 0
170 155 -1 1 0
169 155 -1 1 0
168 155 -1 1 0
167 155 -1 1 0
166 155 -1 1 0
165 155 -1 1 0
164 155 -1 1 0
163 155 -1 1 0
162 155 -1 1 0
145 155 -1 1 0
144 155 -1 1 0
143 155 -1 1 0
142 155 -1 1 0
141 155 -1 1 0
140 155 -1 1 0
139 155 -1 1 0
138 155 -1 1 0
137 155 -1 1 0
52 155 -1 0 0
51 155 -1 0 0
50 155 -1 0 0
49 155 -1 0 0
48 155 -1 0 0
47 155 -1 0 0
46 155 -1 0 0
45 155 -1 0 0
44 155 -1 0 0
392 154 -1 0 0
391 154 -1 0 0
390 154 -1 0 0
389 154 -1 0 0
388 154 -1 0 0
387 154 -1 0 0
386 154 -1 0 0
298 154 -1 0 0
297 154 -1 0 0
296 154 -1 0 0
295 154 -1 0 0
294 154 -1 0 0
293 154 -1 0 0
292 154 -1 0 0
291 154 -1 0 0
290 154 -1 0 0
170 154 -1 1 0
169 154 -1 1 0
168 154 -1 1 0
167 154 -1 1 0
166 154 -1 1 0
165 154 -1 1 0
164 154 -1 1 0
163 154 -1 1 0
162 154 -1 1 0
145 154 -1 1 0
144 154 -1 1 0
143 154 -1 1 0
142 154 -1 1 0
141 154 -1 1 0
140 154 -1 1 0
139 154 -1 1 0
138 154 -1 1 0
137 154 -1 1 0
52 154 -1 0 0
51 154 -1 0 0
50 154 -1 0 0
49 154 -1 0 0
48 154 -1 0 0
47 154 -1 0 0
46 154 -1 0 0
45 154 -1 0 0
44 154 -1 0 0
393 153 -1 0 0
392 153 -1 0 0
391 153 -1 0 0
390 153 -1 0 0
389 153 -1 0 0
388 153 -1 0 0
387 153 -1 0 0
386 153 -1 0 0
385 153 -1 0 0
298 153 -1 0 0
297 153 -1 0 0
296 153 -1 0 0
295 153 -1 0 0
294 153 -1 0 0
293 153 -1 0 0
292 153 -1 0 0
291 153 -1 0 0
290 153 -1 0 0
171 153 -1 1 0
170 153 -1 1 0
169 153 -1 1 0
168 153 -1 1 0
167 153 -1 1 0
166 153 -1 1 0
165 153 -1 1 0
164 153 -1 1 0
163 153 -1 1 0
162 153 -1 1 0
161 153 -1 1 0
145 153 -1 1 0
144 153 -1 1 0
143 153 -1 1 0
142 153 -1 1 0
141 153 -1 1 0
140 153 -1 1 0
139 153 -1 1 0
138 153 -1 1 0
137 153 -1 1 0
110 153 -1 1 0
51 153 -1 0 0
50 153 -1 0 0
49 153 -1 0 0
48 153 -1 0 0
47 153 -1 0 0
46 153 -1 0 0
45 153 -1 0 0
393 152 -1 0 0
392 152 -1 0 0
391 152 -1 0 0
390 152 -1 0 0
389 152 -1 0 0
388 152 -1 0 0
387 152 -1 0 0
386 152 -1 0 0
385 152 -1 0 0
298 152 -1 0 0
297 152 -1 0 0
296 152 -1 0 0
295 152 -1 0 0
294 152 -1 0 0
293 152 -1 0 0
292 152 -1 0 0
291 152 -1 0 0
290 152 -1 0 0
170 152 -1 1 0
169 152 -1 1 0
168 152 -1 1 0
167 152 -1 1 0
166 152 -1 1 0
165 152 -1 1 0
164 152 -1 1 0
163 152 -1 1 0
162 152 -1 1 0
144 152 -1 1 0
143 152 -1 1 0
142 152 -1 1 0
141 152 -1 1 0
140 152 -1 1 0
139 152 -1 1 0
138 152 -1 1 0
113 152 -1 1 0
112 152 -1 1 0
111 152 -1 1 0
110 152 -1 1 0
109 152 -1 1 0
108 152 -1 1 0
107 152 -1 1 0
48 152 -1 0 0
393 151 -1 0 0
392 151 -1 0 0
391 151 -1 0 0
390 151 -1 0 0
389 151 -1 0 0
388 151 -1 0 0
387 151 -1 0 0
386 151 -1 0 0
385 151 -1 0 0
297 151 -1 0 0
296 151 -1 0 0
295 151 -1 0 0
294 151 -1 0 0
293 151 -1 0 0
292 151 -1 0 0
291 151 -1 0 0
170 151 -1 1 0
169 151 -1 1 0
168 151 -1 1 0
167 151 -1 1 0
166 151 -1 1 0
165 151 -1 1 0
164 151 -1 1 0
163 151 -1 1 0
162 151 -1 1 0
141 151 -1 1 0
114 151 -1 1 0
113 151 -1 1 0
112 151 -1 1 0
111 151 -1 1 0
110 151 -1 1 0
109 151 -1 1 0
108 151 -1 1 0
107 151 -1 1 0
106 151 -1 1 0
394 150 -1 0 0
393 150 -1 0 0
392 150 -1 0 0
391 150 -1 0 0
390 150 -1 0 0
389 150 -1 0 0
388 150 -1 0 0
387 150 -1 0 0
386 150 -1 0 0
385 150 -1 0 0
384 150 -1 0 0
294 150 -1 0 0
170 150 -1 1 0
169 150 -1 1 0
168 150 -1 1 0
167 150 -1 1 0
166 150 -1 1 0
165 150 -1 1 0
164 150 -1 1 0
163 150 -1 1 0
162 150 -1 1 0
114 150 -1 1 0
113 150 -1 1 0
112 150 -1 1 0
111 150 -1 1 0
110 150 -1 1 0
109 150 -1 1 0
108 150 -1 1 0
107 150 -1 1 0
106 150 -1 1 0
393 149 -1 0 0
392 149 -1 0 0
391 149 -1 0 0
390 149 -1 0 0
389 149 -1 0 0
388 149 -1 0 0
387 149 -1 0 0
386 149 -1 0 0
385 149 -1 0 0
169 149 -1 1 0
168 149 -1 1 0
167 149 -1 1 0
166 149 -1 1 0
165 149 -1 1 0
164 149 -1 1 0
163 149 -1 1 0
114 149 -1 1 0
113 149 -1 1 0
112 149 -1 1 0
111 149 -1 1 0
110 149 -1 1 0
109 149 -1 1 0
108 149 -1 1 0
107 149 -1 1 0
106 149 -1 1 0
393 148 -1 0 0
392 148 -1 0 0
391 148 -1 0 0
390 148 -1 0 0
389 148 -1 0 0
388 148 -1 0 0
387 148 -1 0 0
386 148 -1 0 0
385 148 -1 0 0
166 148 -1 1 0
128 148 -1 1 0
115 148 -1 1 0
114 148 -1 1 0
113 148 -1 1 0
112 148 -1 1 0
111 148 -1 1 0
110 148 -1 1 0
109 148 -1 1 0
108 148 -1 1 0
107 148 -1 1 0
106 148 -1 1 0
105 148 -1 1 0
393 147 -1 0 0
392 147 -1 0 0
391 147 -1 0 0
390 147 -1 0 0
389 147 -1 0 0
388 147 -1 0 0
387 147 -1 0 0
386 147 -1 0 0
385 147 -1 0 0
131 147 -1 1 0
130 147 -1 1 0
129 147 -1 1 0
128 147 -1 1 0
127 147 -1 1 0
126 147 -1 1 0
125 147 -1 1 0
114 147 -1 1 0
113 147 -1 1 0
112 147 -1 1 0
111 147 -1 1 0
110 147 -1 1 0
109 147 -1 1 0
108 147 -1 1 0
107 147 -1 1 0
106 147 -1 1 0
392 146 -1 0 0
391 146 -1 0 0
390 146 -1 0 0
389 146 -1 0 0
388 146 -1 0 0
387 146 -1 0 0
386 146 -1 0 0
132 146 -1 1 0
131 146 -1 1 0
130 146 -1 1 0
129 146 -1 1 0
128 146 -1 1 0
127 146 -1 1 0
126 146 -1 1 0
125 146 -1 1 0
124 146 -1 1 0
114 146 -1 1 0
113 146 -1 1 0
112 146 -1 1 0
111 146 -1 1 0
110 146 -1 1 0
109 146 -1 1 0
108 146 -1 1 0
107 146 -1 1 0
106 146 -1 1 0
389 145 -1 0 0
132 145 -1 1 0
131 145 -1 1 0
130 145 -1 1 0
129 145 -1 1 0
128 145 -1 1 0
127 145 -1 1 0
126 145 -1 1 0
125 145 -1 1 0
124 145 -1 1 0
114 145 -1 1 0
113 145 -1 1 0
112 145 -1 1 0
111 145 -1 1 0
110 145 -1 1 0
109 145 -1 1 0
108 145 -1 1 0
107 145 -1 1 0
106 145 -1 1 0
132 144 -1 1 0
131 144 -1 1 0
130 144 -1 1 0
129 144 -1 1 0
128 144 -1 1 0
127 144 -1 1 0
126 144 -1 1 0
125 144 -1 1 0
124 144 -1 1 0
113 144 -1 1 0
112 144 -1 1 0
111 144 -1 1 0
110 144 -1 1 0
109 144 -1 1 0
108 144 -1 1 0
107 144 -1 1 0
133 143 -1 1 0
132 143 -1 1 0
131 143 -1 1 0
130 143 -1 1 0
129 143 -1 1 0
128 143 -1 1 0
127 143 -1 1 0
126 143 -1 1 0
125 143 -1 1 0
124 143 -1 1 0
123 143 -1 1 0
110 143 -1 1 0
132 142 -1 1 0
131 142 -1 1 0
130 142 -1 1 0
129 142 -1 1 0
128 142 -1 1 0
127 142 -1 1 0
126 142 -1 1 0
125 142 -1 1 0
124 142 -1 1 0
132 141 -1 1 0
131 141 -1 1 0
130 141 -1 1 0
129 141 -1 1 0
128 141 -1 1 0
127 141 -1 1 0
126 141 -1 1 0
125 141 -1 1 0
124 141 -1 1 0
159 140 -1 1 0
132 140 -1 1 0
131 140 -1 1 0
130 140 -1 1 0
129 140 -1 1 0
128 140 -1 1 0
127 140 -1 1 0
126 140 -1 1 0
125 140 -1 1 0
124 140 -1 1 0
162 139 -1 1 0
161 139 -1 1 0
160 139 -1 1 0
159 139 -1 1 0
158 139 -1 1 0
157 139 -1 1 0
156 139 -1 1 0
131 139 -1 1 0
130 139 -1 1 0
129 139 -1 1 0
128 139 -1 1 0
127 139 -1 1 0
126 139 -1 1 0
125 139 -1 1 0
163 138 -1 1 0
162 138 -1 1 0
161 138 -1 1 0
160 138 -1 1 0
159 138 -1 1 0
158 138 -1 1 0
157 138 -1 1 0
156 138 -1 1 0
155 138 -1 1 0
128 138 -1 1 0
163 137 -1 1 0
162 137 -1 1 0
161 137 -1 1 0
160 137 -1 1 0
159 137 -1 1 0
158 137 -1 1 0
157 137 -1 1 0
156 137 -1 1 0
155 137 -1 1 0
182 136 -1 1 0
163 136 -1 1 0
162 136 -1 1 0
161 136 -1 1 0
160 136 -1 1 0
159 136 -1 1 0
158 136 -1 1 0
157 136 -1 1 0
156 136 -1 1 0
155 136 -1 1 0
185 135 -1 1 0
184 135 -1 1 0
183 135 -1 1 0
182 135 -1 1 0
181 135 -1 1 0
180 135 -1 1 0
179 135 -1 1 0
164 135 -1 1 0
163 135 -1 1 0
162 135 -1 1 0
161 135 -1 1 0
160 135 -1 1 0
159 135 -1 1 0
158 135 -1 1 0
157 135 -1 1 0
156 135 -1 1 0
155 135 -1 1 0
154 135 -1 1 0
186 134 -1 1 0
185 134 -1 1 0
184 134 -1 1 0
183 134 -1 1 0
182 134 -1 1 0
181 134 -1 1 0
180 134 -1 1 0
179 134 -1 1 0
178 134 -1 1 0
163 134 -1 1 0
162 134 -1 1 0
161 134 -1 1 0
160 134 -1 1 0
159 134 -1 1 0
158 134 -1 1 0
157 134 -1 1 0
156 134 -1 1 0
155 134 -1 1 0
186 133 -1 1 0
185 133 -1 1 0
184 133 -1 1 0
183 133 -1 1 0
182 133 -1 1 0
181 133 -1 1 0
180 133 -1 1 0
179 133 -1 1 0
178 133 -1 1 0
163 133 -1 1 0
162 133 -1 1 0
161 133 -1 1 0
160 133 -1 1 0
159 133 -1 1 0
158 133 -1 1 0
157 133 -1 1 0
156 133 -1 1 0
155 133 -1 1 0
186 132 -1 1 0
185 132 -1 1 0
184 132 -1 1 0
183 132 -1 1 0
182 132 -1 1 0
181 132 -1 1 0
180 132 -1 1 0
179 132 -1 1 0
178 132 -1 1 0
163 132 -1 1 0
162 132 -1 1 0
161 132 -1 1 0
160 132 -1 1 0
159 132 -1 1 0
158 132 -1 1 0
157 132 -1 1 0
156 132 -1 1 0
155 132 -1 1 0
187 131 -1 1 0
186 131 -1 1 0
185 131 -1 1 0
184 131 -1 1 0
183 131 -1 1 0
182 131 -1 1 0
181 131 -1 1 0
180 131 -1 1 0
179 131 -1 1 0
178 131 -1 1 0
177 131 -1 1 0
162 131 -1 1 0
161 131 -1 1 0
160 131 -1 1 0
159 131 -1 1 0
158 131 -1 1 0
157 131 -1 1 0
156 131 -1 1 0
186 130 -1 1 0
185 130 -1 1 0
184 130 -1 1 0
183 130 -1 1 0
182 130 -1 1 0
181 130 -1 1 0
180 130 -1 1 0
179 130 -1 1 0
178 130 -1 1 0
159 130 -1 1 0
186 129 -1 1 0
185 129 -1 1 0
184 129 -1 1 0
183 129 -1 1 0
182 129 -1 1 0
181 129 -1 1 0
180 129 -1 1 0
179 129 -1 1 0
178 129 -1 1 0
186 128 -1 1 0
185 128 -1 1 0
184 128 -1 1 0
183 128 -1 1 0
182 128 -1 1 0
181 128 -1 1 0
180 128 -1 1 0
179 128 -1 1 0
178 128 -1 1 0
185 127 -1 1 0
184 127 -1 1 0
183 127 -1 1 0
182 127 -1 1 0
181 127 -1 1 0
180 127 -1 1 0
179 127 -1 1 0
182 126 -1 1 0
97 13 -1 0 0
100 12 -1 0 0
99 12 -1 0 0
98 12 -1 0 0
97 12 -1 0 0
96 12 -1 0 0
95 12 -1 0 0
94 12 -1 0 0
101 11 -1 0 0
100 11 -1 0 0
99 11 -1 0 0
98 11 -1 0 0
97 11 -1 0 0
96 11 -1 0 0
95 11 -1 0 0
94 11 -1 0 0
93 11 -1 0 0
101 10 -1 0 0
100 10 -1 0 0
99 10 -1 0 0
98 10 -1 0 0
97 10 -1 0 0
96 10 -1 0 0
95 10 -1 0 0
94 10 -1 0 0
93 10 -1 0 0
101 9 -1 0 0
100 9 -1 0 0
99 9 -1 0 0
98 9 -1 0 0
97 9 -1 0 0
96 9 -1 0 0
95 9 -1 0 0
94 9 -1 0 0
93 9 -1 0 0
102 8 -1 0 0
101 8 -1 0 0
100 8 -1 0 0
99 8 -1 0 0
98 8 -1 0 0
97 8 -1 0 0
96 8 -1 0 0
95 8 -1 0 0
94 8 -1 0 0
93 8 -1 0 0
92 8 -1 0 0
101 7 -1 0 0
100 7 -1 0 0
99 7 -1 0 0
98 7 -1 0 0
97 7 -1 0 0
96 7 -1 0 0
95 7 -1 0 0
94 7 -1 0 0
93 7 -1 0 0
101 6 -1 0 0
100 6 -1 0 0
99 6 -1 0 0
98 6 -1 0 0
97 6 -1 0 0
96 6 -1 0 0
95 6 -1 0 0
94 6 -1 0 0
93 6 -1 0 0
101 5 -1 0 0
100 5 -1 0 0
99 5 -1 0 0
98 5 -1 0 0
97 5 -1 0 0
96 5 -1 0 0
95 5 -1 0 0
94 5 -1 0 0
93 5 -1 0 0
100 4 -1 0 0
99 4 -1 0 0
98 4 -1 0 0
97 4 -1 0 0
96 4 -1 0 0
95 4 -1 0 0
94 4 -1 0 0
97 3 -1 0 0
