1215 400 400
21 396 -1 0 0
24 395 -1 0 0
23 395 -1 0 0
22 395 -1 0 0
21 395 -1 0 0
20 395 -1 0 0
19 395 -1 0 0
18 395 -1 0 0
25 394 -1 0 0
24 394 -1 0 0
23 394 -1 0 0
22 394 -1 0 0
21 394 -1 0 0
20 394 -1 0 0
19 394 -1 0 0
18 394 -1 0 0
17 394 -1 0 0
25 393 -1 0 0
24 393 -1 0 0
23 393 -1 0 0
22 393 -1 0 0
21 393 -1 0 0
20 393 -1 0 0
19 393 -1 0 0
18 393 -1 0 0
17 393 -1 0 0
25 392 -1 0 0
24 392 -1 0 0
23 392 -1 0 0
22 392 -1 0 0
21 392 -1 0 0
20 392 -1 0 0
19 392 -1 0 0
18 392 -1 0 0
17 392 -1 0 0
26 391 -1 0 0
25 391 -1 0 0
24 391 -1 0 0
23 391 -1 0 0
22 391 -1 0 0
21 391 -1 0 0
20 391 -1 0 0
19 391 -1 0 0
18 391 -1 0 0
17 391 -1 0 0
16 391 -1 0 0
25 390 -1 0 0
24 390 -1 0 0
23 390 -1 0 0
22 390 -1 0 0
21 390 -1 0 0
20 390 -1 0 0
19 390 -1 0 0
18 390 -1 0 0
17 390 -1 0 0
25 389 -1 0 0
24 389 -1 0 0
23 389 -1 0 0
22 389 -1 0 0
21 389 -1 0 0
20 389 -1 0 0
19 389 -1 0 0
18 389 -1 0 0
17 389 -1 0 0
25 388 -1 0 0
24 388 -1 0 0
23 388 -1 0 0
22 388 -1 0 0
21 388 -1 0 0
20 388 -1 0 0
19 388 -1 0 0
18 388 -1 0 0
17 388 -1 0 0
24 387 -1 0 0
23 387 -1 0 0
22 387 -1 0 0
21 387 -1 0 0
20 387 -1 0 0
19 387 -1 0 0
18 387 -1 0 0
21 386 -1 0 0
371 307 -1 0 0
374 306 -1 0 0
373 306 -1 0 0
372 306 -1 0 0
371 306 -1 0 0
370 306 -1 0 0
369 306 -1 0 0
368 306 -1 0 0
375 305 -1 0 0
374 305 -1 0 0
373 305 -1 0 0
372 305 -1 0 0
371 305 -1 0 0
370 305 -1 0 0
369 305 -1 0 0
368 305 -1 0 0
367 305 -1 0 0
140 305 -1 1 0
375 304 -1 0 0
374 304 -1 0 0
373 304 -1 0 0
372 304 -1 0 0
371 304 -1 0 0
370 304 -1 0 0
369 304 -1 0 0
368 304 -1 0 0
367 304 -1 0 0
143 304 -1 1 0
142 304 -1 1 0
141 304 -1 1 0
140 304 -1 1 0
139 304 -1 1 0
138 304 -1 1 0
137 304 -1 1 0
375 303 -1 0 0
374 303 -1 0 0
373 303 -1 0 0
372 303 -1 0 0
371 303 -1 0 0
370 303 -1 0 0
369 303 -1 0 0
368 303 -1 0 0
367 303 -1 0 0
144 303 -1 1 0
143 303 -1 1 0
142 303 -1 1 0
141 303 -1 1 0
140 303 -1 1 0
139 303 -1 1 0
138 303 -1 1 0
137 303 -1 1 0
136 303 -1 1 0
376 302 -1 0 0
375 302 -1 0 0
374 302 -1 0 0
373 302 -1 0 0
372 302 -1 0 0
371 302 -1 0 0
370 302 -1 0 0
369 302 -1 0 0
368 302 -1 0 0
367 302 -1 0 0
366 302 -1 0 0
144 302 -1 1 0
143 302 -1 1 0
142 302 -1 1 0
141 302 -1 1 0
140 302 -1 1 0
139 302 -1 1 0
138 302 -1 1 0
137 302 -1 1 0
136 302 -1 1 0
375 301 -1 0 0
374 301 -1 0 0
373 301 -1 0 0
372 301 -1 0 0
371 301 -1 0 0
370 301 -1 0 0
369 301 -1 0 0
368 301 -1 0 0
367 301 -1 0 0
144 301 -1 1 0
143 301 -1 1 0
142 301 -1 1 0
141 301 -1 1 0
140 301 -1 1 0
139 301 -1 1 0
138 301 -1 1 0
137 301 -1 1 0
136 301 -1 1 0
375 300 -1 0 0
374 300 -1 0 0
373 300 -1 0 0
372 300 -1 0 0
371 300 -1 0 0
370 300 -1 0 0
369 300 -1 0 0
368 300 -1 0 0
367 300 -1 0 0
145 300 -1 1 0
144 300 -1 1 0
143 300 -1 1 0
142 300 -1 1 0
141 300 -1 1 0
140 300 -1 1 0
139 300 -1 1 0
138 300 -1 1 0
137 300 -1 1 0
136 300 -1 1 0
135 300 -1 1 0
123 300 -1 1 0
375 299 -1 0 0
374 299 -1 0 0
373 299 -1 0 0
372 299 -1 0 0
371 299 -1 0 0
370 299 -1 0 0
369 299 -1 0 0
368 299 -1 0 0
367 299 -1 0 0
144 299 -1 1 0
143 299 -1 1 0
142 299 -1 1 0
141 299 -1 1 0
140 299 -1 1 0
139 299 -1 1 0
138 299 -1 1 0
137 299 -1 1 0
136 299 -1 1 0
126 299 -1 1 0
125 299 -1 1 0
124 299 -1 1 0
123 299 -1 1 0
122 299 -1 1 0
121 299 -1 1 0
120 299 -1 1 0
374 298 -1 0 0
373 298 -1 0 0
372 298 -1 0 0
371 298 -1 0 0
370 298 -1 0 0
369 298 -1 0 0
368 298 -1 0 0
144 298 -1 1 0
143 298 -1 1 0
142 298 -1 1 0
141 298 -1 1 0
140 298 -1 1 0
139 298 -1 1 0
138 298 -1 1 0
137 298 -1 1 0
136 298 -1 1 0
127 298 -1 1 0
126 298 -1 1 0
125 298 -1 1 0
124 298 -1 1 0
123 298 -1 1 0
122 298 -1 1 0
121 298 -1 1 0
120 298 -1 1 0
119 298 -1 1 0
371 297 -1 0 0
144 297 -1 1 0
143 297 -1 1 0
142 297 -1 1 0
141 297 -1 1 0
140 297 -1 1 0
139 297 -1 1 0
138 297 -1 1 0
137 297 -1 1 0
136 297 -1 1 0
127 297 -1 1 0
126 297 -1 1 0
125 297 -1 1 0
124 297 -1 1 0
123 297 -1 1 0
122 297 -1 1 0
121 297 -1 1 0
120 297 -1 1 0
119 297 -1 1 0
143 296 -1 1 0
142 296 -1 1 0
141 296 -1 1 0
140 296 -1 1 0
139 296 -1 1 0
138 296 -1 1 0
137 296 -1 1 0
127 296 -1 1 0
126 296 -1 1 0
125 296 -1 1 0
124 296 -1 1 0
123 296 -1 1 0
122 296 -1 1 0
121 296 -1 1 0
120 296 -1 1 0
119 296 -1 1 0
219 295 -1 0 0
140 295 -1 1 0
128 295 -1 1 0
127 295 -1 1 0
126 295 -1 1 0
125 295 -1 1 0
124 295 -1 1 0
123 295 -1 1 0
122 295 -1 1 0
121 295 -1 1 0
120 295 -1 1 0
119 295 -1 1 0
118 295 -1 1 0
222 294 -1 0 0
221 294 -1 0 0
220 294 -1 0 0
219 294 -1 0 0
218 294 -1 0 0
217 294 -1 0 0
216 294 -1 0 0
127 294 -1 1 0
126 294 -1 1 0
125 294 -1 1 0
124 294 -1 1 0
123 294 -1 1 0
122 294 -1 1 0
121 294 -1 1 0
120 294 -1 1 0
119 294 -1 1 0
223 293 -1 0 0
222 293 -1 0 0
221 293 -1 0 0
220 293 -1 0 0
219 293 -1 0 0
218 293 -1 0 0
217 293 -1 0 0
216 293 -1 0 0
215 293 -1 0 0
127 293 -1 1 0
126 293 -1 1 0
125 293 -1 1 0
124 293 -1 1 0
123 293 -1 1 0
122 293 -1 1 0
121 293 -1 1 0
120 293 -1 1 0
119 293 -1 1 0
223 292 -1 0 0
222 292 -1 0 0
221 292 -1 0 0
220 292 -1 0 0
219 292 -1 0 0
218 292 -1 0 0
217 292 -1 0 0
216 292 -1 0 0
215 292 -1 0 0
127 292 -1 1 0
126 292 -1 1 0
125 292 -1 1 0
124 292 -1 1 0
123 292 -1 1 0
122 292 -1 1 0
121 292 -1 1 0
120 292 -1 1 0
119 292 -1 1 0
223 291 -1 0 0
222 291 -1 0 0
221 291 -1 0 0
220 291 -1 0 0
219 291 -1 0 0
218 291 -1 0 0
217 291 -1 0 0
216 291 -1 0 0
215 291 -1 0 0
126 291 -1 1 0
125 291 -1 1 0
124 291 -1 1 0
123 291 -1 1 0
122 291 -1 1 0
121 291 -1 1 0
120 291 -1 1 0
224 290 -1 0 0
223 290 -1 0 0
222 290 -1 0 0
221 290 -1 0 0
220 290 -1 0 0
219 290 -1 0 0
218 290 -1 0 0
217 290 -1 0 0
216 290 -1 0 0
215 290 -1 0 0
214 290 -1 0 0
123 290 -1 1 0
223 289 -1 0 0
222 289 -1 0 0
221 289 -1 0 0
220 289 -1 0 0
219 289 -1 0 0
218 289 -1 0 0
217 289 -1 0 0
216 289 -1 0 0
215 289 -1 0 0
223 288 -1 0 0
222 288 -1 0 0
221 288 -1 0 0
220 288 -1 0 0
219 288 -1 0 0
218 288 -1 0 0
217 288 -1 0 0
216 288 -1 0 0
215 288 -1 0 0
223 287 -1 0 0
222 287 -1 0 0
221 287 -1 0 0
220 287 -1 0 0
219 287 -1 0 0
218 287 -1 0 0
217 287 -1 0 0
216 287 -1 0 0
215 287 -1 0 0
142 287 -1 1 0
222 286 -1 0 0
221 286 -1 0 0
220 286 -1 0 0
219 286 -1 0 0
218 286 -1 0 0
217 286 -1 0 0
216 286 -1 0 0
145 286 -1 1 0
144 286 -1 1 0
143 286 -1 1 0
142 286 -1 1 0
141 286 -1 1 0
140 286 -1 1 0
139 286 -1 1 0
219 285 -1 0 0
146 285 -1 1 0
145 285 -1 1 0
144 285 -1 1 0
143 285 -1 1 0
142 285 -1 1 0
141 285 -1 1 0
140 285 -1 1 0
139 285 -1 1 0
138 285 -1 1 0
146 284 -1 1 0
145 284 -1 1 0
144 284 -1 1 0
143 284 -1 1 0
142 284 -1 1 0
141 284 -1 1 0
140 284 -1 1 0
139 284 -1 1 0
138 284 -1 1 0
146 283 -1 1 0
145 283 -1 1 0
144 283 -1 1 0
143 283 -1 1 0
142 283 -1 1 0
141 283 -1 1 0
140 283 -1 1 0
139 283 -1 1 0
138 283 -1 1 0
127 283 -1 1 0
147 282 -1 1 0
146 282 -1 1 0
145 282 -1 1 0
144 282 -1 1 0
143 282 -1 1 0
142 282 -1 1 0
141 282 -1 1 0
140 282 -1 1 0
139 282 -1 1 0
138 282 -1 1 0
137 282 -1 1 0
130 282 -1 1 0
129 282 -1 1 0
128 282 -1 1 0
127 282 -1 1 0
126 282 -1 1 0
125 282 -1 1 0
124 282 -1 1 0
146 281 -1 1 0
145 281 -1 1 0
144 281 -1 1 0
143 281 -1 1 0
142 281 -1 1 0
141 281 -1 1 0
140 281 -1 1 0
139 281 -1 1 0
138 281 -1 1 0
131 281 -1 1 0
130 281 -1 1 0
129 281 -1 1 0
128 281 -1 1 0
127 281 -1 1 0
126 281 -1 1 0
125 281 -1 1 0
124 281 -1 1 0
123 281 -1 1 0
146 280 -1 1 0
145 280 -1 1 0
144 280 -1 1 0
143 280 -1 1 0
142 280 -1 1 0
141 280 -1 1 0
140 280 -1 1 0
139 280 -1 1 0
138 280 -1 1 0
131 280 -1 1 0
130 280 -1 1 0
129 280 -1 1 0
128 280 -1 1 0
127 280 -1 1 0
126 280 -1 1 0
125 280 -1 1 0
124 280 -1 1 0
123 280 -1 1 0
146 279 -1 1 0
145 279 -1 1 0
144 279 -1 1 0
143 279 -1 1 0
142 279 -1 1 0
141 279 -1 1 0
140 279 -1 1 0
139 279 -1 1 0
138 279 -1 1 0
131 279 -1 1 0
130 279 -1 1 0
129 279 -1 1 0
128 279 -1 1 0
127 279 -1 1 0
126 279 -1 1 0
125 279 -1 1 0
124 279 -1 1 0
123 279 -1 1 0
145 278 -1 1 0
144 278 -1 1 0
143 278 -1 1 0
142 278 -1 1 0
141 278 -1 1 0
140 278 -1 1 0
139 278 -1 1 0
132 278 -1 1 0
131 278 -1 1 0
130 278 -1 1 0
129 278 -1 1 0
128 278 -1 1 0
127 278 -1 1 0
126 278 -1 1 0
125 278 -1 1 0
124 278 -1 1 0
123 278 -1 1 0
122 278 -1 1 0
142 277 -1 1 0
131 277 -1 1 0
130 277 -1 1 0
129 277 -1 1 0
128 277 -1 1 0
127 277 -1 1 0
126 277 -1 1 0
125 277 -1 1 0
124 277 -1 1 0
123 277 -1 1 0
131 276 -1 1 0
130 276 -1 1 0
129 276 -1 1 0
128 276 -1 1 0
127 276 -1 1 0
126 276 -1 1 0
125 276 -1 1 0
124 276 -1 1 0
123 276 -1 1 0
131 275 -1 1 0
130 275 -1 1 0
129 275 -1 1 0
128 275 -1 1 0
127 275 -1 1 0
126 275 -1 1 0
125 275 -1 1 0
124 275 -1 1 0
123 275 -1 1 0
130 274 -1 1 0
129 274 -1 1 0
128 274 -1 1 0
127 274 -1 1 0
126 274 -1 1 0
125 274 -1 1 0
124 274 -1 1 0
127 273 -1 1 0
127 269 -1 1 0
130 268 -1 1 0
129 268 -1 1 0
128 268 -1 1 0
127 268 -1 1 0
126 268 -1 1 0
125 268 -1 1 0
124 268 -1 1 0
131 267 -1 1 0
130 267 -1 1 0
129 267 -1 1 0
128 267 -1 1 0
127 267 -1 1 0
126 267 -1 1 0
125 267 -1 1 0
124 267 -1 1 0
123 267 -1 1 0
131 266 -1 1 0
130 266 -1 1 0
129 266 -1 1 0
128 266 -1 1 0
127 266 -1 1 0
126 266 -1 1 0
125 266 -1 1 0
124 266 -1 1 0
123 266 -1 1 0
131 265 -1 1 0
130 265 -1 1 0
129 265 -1 1 0
128 265 -1 1 0
127 265 -1 1 0
126 265 -1 1 0
125 265 -1 1 0
124 265 -1 1 0
123 265 -1 1 0
132 264 -1 1 0
131 264 -1 1 0
130 264 -1 1 0
129 264 -1 1 0
128 264 -1 1 0
127 264 -1 1 0
126 264 -1 1 0
125 264 -1 1 0
124 264 -1 1 0
123 264 -1 1 0
122 264 -1 1 0
131 263 -1 1 0
130 263 -1 1 0
129 263 -1 1 0
128 263 -1 1 0
127 263 -1 1 0
126 263 -1 1 0
125 263 -1 1 0
124 263 -1 1 0
123 263 -1 1 0
140 262 -1 1 0
131 262 -1 1 0
130 262 -1 1 0
129 262 -1 1 0
128 262 -1 1 0
127 262 -1 1 0
126 262 -1 1 0
125 262 -1 1 0
124 262 -1 1 0
123 262 -1 1 0
143 261 -1 1 0
142 261 -1 1 0
141 261 -1 1 0
140 261 -1 1 0
139 261 -1 1 0
138 261 -1 1 0
137 261 -1 1 0
131 261 -1 1 0
130 261 -1 1 0
129 261 -1 1 0
128 261 -1 1 0
127 261 -1 1 0
126 261 -1 1 0
125 261 -1 1 0
124 261 -1 1 0
123 261 -1 1 0
144 260 -1 1 0
143 260 -1 1 0
142 260 -1 1 0
141 260 -1 1 0
140 260 -1 1 0
139 260 -1 1 0
138 260 -1 1 0
137 260 -1 1 0
136 260 -1 1 0
130 260 -1 1 0
129 260 -1 1 0
128 260 -1 1 0
127 260 -1 1 0
126 260 -1 1 0
125 260 -1 1 0
124 260 -1 1 0
144 259 -1 1 0
143 259 -1 1 0
142 259 -1 1 0
141 259 -1 1 0
140 259 -1 1 0
139 259 -1 1 0
138 259 -1 1 0
137 259 -1 1 0
136 259 -1 1 0
127 259 -1 1 0
144 258 -1 1 0
143 258 -1 1 0
142 258 -1 1 0
141 258 -1 1 0
140 258 -1 1 0
139 258 -1 1 0
138 258 -1 1 0
137 258 -1 1 0
136 258 -1 1 0
145 257 -1 1 0
144 257 -1 1 0
143 257 -1 1 0
142 257 -1 1 0
141 257 -1 1 0
140 257 -1 1 0
139 257 -1 1 0
138 257 -1 1 0
137 257 -1 1 0
136 257 -1 1 0
135 257 -1 1 0
144 256 -1 1 0
143 256 -1 1 0
142 256 -1 1 0
141 256 -1 1 0
140 256 -1 1 0
139 256 -1 1 0
138 256 -1 1 0
137 256 -1 1 0
136 256 -1 1 0
144 255 -1 1 0
143 255 -1 1 0
142 255 -1 1 0
141 255 -1 1 0
140 255 -1 1 0
139 255 -1 1 0
138 255 -1 1 0
137 255 -1 1 0
136 255 -1 1 0
144 254 -1 1 0
143 254 -1 1 0
142 254 -1 1 0
141 254 -1 1 0
140 254 -1 1 0
139 254 -1 1 0
138 254 -1 1 0
137 254 -1 1 0
136 254 -1 1 0
143 253 -1 1 0
142 253 -1 1 0
141 253 -1 1 0
140 253 -1 1 0
139 253 -1 1 0
138 253 -1 1 0
137 253 -1 1 0
140 252 -1 1 0
118 245 -1 1 0
121 244 -1 1 0
120 244 -1 1 0
119 244 -1 1 0
118 244 -1 1 0
117 244 -1 1 0
116 244 -1 1 0
115 244 -1 1 0
122 243 -1 1 0
121 243 -1 1 0
120 243 -1 1 0
119 243 -1 1 0
118 243 -1 1 0
117 243 -1 1 0
116 243 -1 1 0
115 243 -1 1 0
114 243 -1 1 0
122 242 -1 1 0
121 242 -1 1 0
120 242 -1 1 0
119 242 -1 1 0
118 242 -1 1 0
117 242 -1 1 0
116 242 -1 1 0
115 242 -1 1 0
114 242 -1 1 0
122 241 -1 1 0
121 241 -1 1 0
120 241 -1 1 0
119 241 -1 1 0
118 241 -1 1 0
117 241 -1 1 0
116 241 -1 1 0
115 241 -1 1 0
114 241 -1 1 0
123 240 -1 1 0
122 240 -1 1 0
121 240 -1 1 0
120 240 -1 1 0
119 240 -1 1 0
118 240 -1 1 0
117 240 -1 1 0
116 240 -1 1 0
115 240 -1 1 0
114 240 -1 1 0
113 240 -1 1 0
122 239 -1 1 0
121 239 -1 1 0
120 239 -1 1 0
119 239 -1 1 0
118 239 -1 1 0
117 239 -1 1 0
116 239 -1 1 0
115 239 -1 1 0
114 239 -1 1 0
122 238 -1 1 0
121 238 -1 1 0
120 238 -1 1 0
119 238 -1 1 0
118 238 -1 1 0
117 238 -1 1 0
116 238 -1 1 0
115 238 -1 1 0
114 238 -1 1 0
122 237 -1 1 0
121 237 -1 1 0
120 237 -1 1 0
119 237 -1 1 0
118 237 -1 1 0
117 237 -1 1 0
116 237 -1 1 0
115 237 -1 1 0
114 237 -1 1 0
121 236 -1 1 0
120 236 -1 1 0
119 236 -1 1 0
118 236 -1 1 0
117 236 -1 1 0
116 236 -1 1 0
115 236 -1 1 0
118 235 -1 1 0
132 233 -1 1 0
135 232 -1 1 0
134 232 -1 1 0
133 232 -1 1 0
132 232 -1 1 0
131 232 -1 1 0
130 232 -1 1 0
129 232 -1 1 0
136 231 -1 1 0
135 231 -1 1 0
134 231 -1 1 0
133 231 -1 1 0
132 231 -1 1 0
131 231 -1 1 0
130 231 -1 1 0
129 231 -1 1 0
128 231 -1 1 0
136 230 -1 1 0
135 230 -1 1 0
134 230 -1 1 0
133 230 -1 1 0
132 230 -1 1 0
131 230 -1 1 0
130 230 -1 1 0
129 230 -1 1 0
128 230 -1 1 0
136 229 -1 1 0
135 229 -1 1 0
134 229 -1 1 0
133 229 -1 1 0
132 229 -1 1 0
131 229 -1 1 0
130 229 -1 1 0
129 229 -1 1 0
128 229 -1 1 0
137 228 -1 1 0
136 228 -1 1 0
135 228 -1 1 0
134 228 -1 1 0
133 228 -1 1 0
132 228 -1 1 0
131 228 -1 1 0
130 228 -1 1 0
129 228 -1 1 0
128 228 -1 1 0
127 228 -1 1 0
136 227 -1 1 0
135 227 -1 1 0
134 227 -1 1 0
133 227 -1 1 0
132 227 -1 1 0
131 227 -1 1 0
130 227 -1 1 0
129 227 -1 1 0
128 227 -1 1 0
136 226 -1 1 0
135 226 -1 1 0
134 226 -1 1 0
133 226 -1 1 0
132 226 -1 1 0
131 226 -1 1 0
130 226 -1 1 0
129 226 -1 1 0
128 226 -1 1 0
136 225 -1 1 0
135 225 -1 1 0
134 225 -1 1 0
133 225 -1 1 0
132 225 -1 1 0
131 225 -1 1 0
130 225 -1 1 0
129 225 -1 1 0
128 225 -1 1 0
135 224 -1 1 0
134 224 -1 1 0
133 224 -1 1 0
132 224 -1 1 0
131 224 -1 1 0
130 224 -1 1 0
129 224 -1 1 0
119 224 -1 1 0
132 223 -1 1 0
122 223 -1 1 0
121 223 -1 1 0
120 223 -1 1 0
119 223 -1 1 0
118 223 -1 1 0
117 223 -1 1 0
116 223 -1 1 0
123 222 -1 1 0
122 222 -1 1 0
121 222 -1 1 0
120 222 -1 1 0
119 222 -1 1 0
118 222 -1 1 0
117 222 -1 1 0
116 222 -1 1 0
115 222 -1 1 0
123 221 -1 1 0
122 221 -1 1 0
121 221 -1 1 0
120 221 -1 1 0
119 221 -1 1 0
118 221 -1 1 0
117 221 -1 1 0
116 221 -1 1 0
115 221 -1 1 0
123 220 -1 1 0
122 220 -1 1 0
121 220 -1 1 0
120 220 -1 1 0
119 220 -1 1 0
118 220 -1 1 0
117 220 -1 1 0
116 220 -1 1 0
115 220 -1 1 0
124 219 -1 1 0
123 219 -1 1 0
122 219 -1 1 0
121 219 -1 1 0
120 219 -1 1 0
119 219 -1 1 0
118 219 -1 1 0
117 219 -1 1 0
116 219 -1 1 0
115 219 -1 1 0
114 219 -1 1 0
123 218 -1 1 0
122 218 -1 1 0
121 218 -1 1 0
120 218 -1 1 0
119 218 -1 1 0
118 218 -1 1 0
117 218 -1 1 0
116 218 -1 1 0
115 218 -1 1 0
123 217 -1 1 0
122 217 -1 1 0
121 217 -1 1 0
120 217 -1 1 0
119 217 -1 1 0
118 217 -1 1 0
117 217 -1 1 0
116 217 -1 1 0
115 217 -1 1 0
123 216 -1 1 0
122 216 -1 1 0
121 216 -1 1 0
120 216 -1 1 0
119 216 -1 1 0
118 216 -1 1 0
117 216 -1 1 0
116 216 -1 1 0
115 216 -1 1 0
122 215 -1 1 0
121 215 -1 1 0
120 215 -1 1 0
119 215 -1 1 0
118 215 -1 1 0
117 215 -1 1 0
116 215 -1 1 0
119 214 -1 1 0
220 152 -1 0 0
223 151 -1 0 0
222 151 -1 0 0
221 151 -1 0 0
220 151 -1 0 0
219 151 -1 0 0
218 151 -1 0 0
217 151 -1 0 0
224 150 -1 0 0
223 150 -1 0 0
222 150 -1 0 0
221 150 -1 0 0
220 150 -1 0 0
219 150 -1 0 0
218 150 -1 0 0
217 150 -1 0 0
216 150 -1 0 0
224 149 -1 0 0
223 149 -1 0 0
222 149 -1 0 0
221 149 -1 0 0
220 149 -1 0 0
219 149 -1 0 0
218 149 -1 0 0
217 149 -1 0 0
216 149 -1 0 0
224 148 -1 0 0
223 148 -1 0 0
222 148 -1 0 0
221 148 -1 0 0
220 148 -1 0 0
219 148 -1 0 0
218 148 -1 0 0
217 148 -1 0 0
216 148 -1 0 0
225 147 -1 0 0
224 147 -1 0 0
223 147 -1 0 0
222 147 -1 0 0
221 147 -1 0 0
220 147 -1 0 0
219 147 -1 0 0
218 147 -1 0 0
217 147 -1 0 0
216 147 -1 0 0
215 147 -1 0 0
224 146 -1 0 0
223 146 -1 0 0
222 146 -1 0 0
221 146 -1 0 0
220 146 -1 0 0
219 146 -1 0 0
218 146 -1 0 0
217 146 -1 0 0
216 146 -1 0 0
224 145 -1 0 0
223 145 -1 0 0
222 145 -1 0 0
221 145 -1 0 0
220 145 -1 0 0
219 145 -1 0 0
218 145 -1 0 0
217 145 -1 0 0
216 145 -1 0 0
224 144 -1 0 0
223 144 -1 0 0
222 144 -1 0 0
221 144 -1 0 0
220 144 -1 0 0
219 144 -1 0 0
218 144 -1 0 0
217 144 -1 0 0
216 144 -1 0 0
223 143 -1 0 0
222 143 -1 0 0
221 143 -1 0 0
220 143 -1 0 0
219 143 -1 0 0
218 143 -1 0 0
217 143 -1 0 0
220 142 -1 0 0
39 109 -1 0 0
42 108 -1 0 0
41 108 -1 0 0
40 108 -1 0 0
39 108 -1 0 0
38 108 -1 0 0
37 108 -1 0 0
36 108 -1 0 0
43 107 -1 0 0
42 107 -1 0 0
41 107 -1 0 0
40 107 -1 0 0
39 107 -1 0 0
38 107 -1 0 0
37 107 -1 0 0
36 107 -1 0 0
35 107 -1 0 0
43 106 -1 0 0
42 106 -1 0 0
41 106 -1 0 0
40 106 -1 0 0
39 106 -1 0 0
38 106 -1 0 0
37 106 -1 0 0
36 106 -1 0 0
35 106 -1 0 0
43 105 -1 0 0
42 105 -1 0 0
41 105 -1 0 0
40 105 -1 0 0
39 105 -1 0 0
38 105 -1 0 0
37 105 -1 0 0
36 105 -1 0 0
35 105 -1 0 0
44 104 -1 0 0
43 104 -1 0 0
42 104 -1 0 0
41 104 -1 0 0
40 104 -1 0 0
39 104 -1 0 0
38 104 -1 0 0
37 104 -1 0 0
36 104 -1 0 0
35 104 -1 0 0
34 104 -1 0 0
43 103 -1 0 0
42 103 -1 0 0
41 103 -1 0 0
40 103 -1 0 0
39 103 -1 0 0
38 103 -1 0 0
37 103 -1 0 0
36 103 -1 0 0
35 103 -1 0 0
43 102 -1 0 0
42 102 -1 0 0
41 102 -1 0 0
40 102 -1 0 0
39 102 -1 0 0
38 102 -1 0 0
37 102 -1 0 0
36 102 -1 0 0
35 102 -1 0 0
43 101 -1 0 0
42 101 -1 0 0
41 101 -1 0 0
40 101 -1 0 0
39 101 -1 0 0
38 101 -1 0 0
37 101 -1 0 0
36 101 -1 0 0
35 101 -1 0 0
42 100 -1 0 0
41 100 -1 0 0
40 100 -1 0 0
39 100 -1 0 0
38 100 -1 0 0
37 100 -1 0 0
36 100 -1 0 0
39 99 -1 0 0
155 22 -1 0 0
158 21 -1 0 0
157 21 -1 0 0
156 21 -1 0 0
155 21 -1 0 0
154 21 -1 0 0
153 21 -1 0 0
152 21 -1 0 0
159 20 -1 0 0
158 20 -1 0 0
157 20 -1 0 0
156 20 -1 0 0
155 20 -1 0 0
154 20 -1 0 0
153 20 -1 0 0
152 20 -1 0 0
151 20 -1 0 0
159 19 -1 0 0
158 19 -1 0 0
157 19 -1 0 0
156 19 -1 0 0
155 19 -1 0 0
154 19 -1 0 0
153 19 -1 0 0
152 19 -1 0 0
151 19 -1 0 0
159 18 -1 0 0
158 18 -1 0 0
157 18 -1 0 0
156 18 -1 0 0
155 18 -1 0 0
154 18 -1 0 0
153 18 -1 0 0
152 18 -1 0 0
151 18 -1 0 0
160 17 -1 0 0
159 17 -1 0 0
158 17 -1 0 0
157 17 -1 0 0
156 17 -1 0 0
155 17 -1 0 0
154 17 -1 0 0
153 17 -1 0 0
152 17 -1 0 0
151 17 -1 0 0
150 17 -1 0 0
159 16 -1 0 0
158 16 -1 0 0
157 16 -1 0 0
156 16 -1 0 0
155 16 -1 0 0
154 16 -1 0 0
153 16 -1 0 0
152 16 -1 0 0
151 16 -1 0 0
159 15 -1 0 0
158 15 -1 0 0
157 15 -1 0 0
156 15 -1 0 0
155 15 -1 0 0
154 15 -1 0 0
153 15 -1 0 0
152 15 -1 0 0
151 15 -1 0 0
159 14 -1 0 0
158 14 -1 0 0
157 14 -1 0 0
156 14 -1 0 0
155 14 -1 0 0
154 14 -1 0 0
153 14 -1 0 0
152 14 -1 0 0
151 14 -1 0 0
158 13 -1 0 0
157 13 -1 0 0
156 13 -1 0 0
155 13 -1 0 0
154 13 -1 0 0
153 13 -1 0 0
152 13 -1 0 0
155 12 -1 0 0
