1068 400 400
258 396 -1 0 0
261 395 -1 0 0
260 395 -1 0 0
259 395 -1 0 0
258 395 -1 0 0
257 395 -1 0 0
256 395 -1 0 0
255 395 -1 0 0
262 394 -1 0 0
261 394 -1 0 0
260 394 -1 0 0
259 394 -1 0 0
258 394 -1 0 0
257 394 -1 0 0
256 394 -1 0 0
255 394 -1 0 0
254 394 -1 0 0
262 393 -1 0 0
261 393 -1 0 0
260 393 -1 0 0
259 393 -1 0 0
258 393 -1 0 0
257 393 -1 0 0
256 393 -1 0 0
255 393 -1 0 0
254 393 -1 0 0
262 392 -1 0 0
261 392 -1 0 0
260 392 -1 0 0
259 392 -1 0 0
258 392 -1 0 0
257 392 -1 0 0
256 392 -1 0 0
255 392 -1 0 0
254 392 -1 0 0
263 391 -1 0 0
262 391 -1 0 0
261 391 -1 0 0
260 391 -1 0 0
259 391 -1 0 0
258 391 -1 0 0
257 391 -1 0 0
256 391 -1 0 0
255 391 -1 0 0
254 391 -1 0 0
253 391 -1 0 0
262 390 -1 0 0
261 390 -1 0 0
260 390 -1 0 0
259 390 -1 0 0
258 390 -1 0 0
257 390 -1 0 0
256 390 -1 0 0
255 390 -1 0 0
254 390 -1 0 0
262 389 -1 0 0
261 389 -1 0 0
260 389 -1 0 0
259 389 -1 0 0
258 389 -1 0 0
257 389 -1 0 0
256 389 -1 0 0
255 389 -1 0 0
254 389 -1 0 0
262 388 -1 0 0
261 388 -1 0 0
260 388 -1 0 0
259 388 -1 0 0
258 388 -1 0 0
257 388 -1 0 0
256 388 -1 0 0
255 388 -1 0 0
254 388 -1 0 0
261 387 -1 0 0
260 387 -1 0 0
259 387 -1 0 0
258 387 -1 0 0
257 387 -1 0 0
256 387 -1 0 0
255 387 -1 0 0
258 386 -1 0 0
247 349 -1 0 0
250 348 -1 0 0
249 348 -1 0 0
248 348 -1 0 0
247 348 -1 0 0
246 348 -1 0 0
245 348 -1 0 0
244 348 -1 0 0
251 347 -1 0 0
250 347 -1 0 0
249 347 -1 0 0
248 347 -1 0 0
247 347 -1 0 0
246 347 -1 0 0
245 347 -1 0 0
244 347 -1 0 0
243 347 -1 0 0
251 346 -1 0 0
250 346 -1 0 0
249 346 -1 0 0
248 346 -1 0 0
247 346 -1 0 0
246 346 -1 0 0
245 346 -1 0 0
244 346 -1 0 0
243 346 -1 0 0
251 345 -1 0 0
250 345 -1 0 0
249 345 -1 0 0
248 345 -1 0 0
247 345 -1 0 0
246 345 -1 0 0
245 345 -1 0 0
244 345 -1 0 0
243 345 -1 0 0
252 344 -1 0 0
251 344 -1 0 0
250 344 -1 0 0
249 344 -1 0 0
248 344 -1 0 0
247 344 -1 0 0
246 344 -1 0 0
245 344 -1 0 0
244 344 -1 0 0
243 344 -1 0 0
242 344 -1 0 0
251 343 -1 0 0
250 343 -1 0 0
249 343 -1 0 0
248 343 -1 0 0
247 343 -1 0 0
246 343 -1 0 0
245 343 -1 0 0
244 343 -1 0 0
243 343 -1 0 0
251 342 -1 0 0
250 342 -1 0 0
249 342 -1 0 0
248 342 -1 0 0
247 342 -1 0 0
246 342 -1 0 0
245 342 -1 0 0
244 342 -1 0 0
243 342 -1 0 0
251 341 -1 0 0
250 341 -1 0 0
249 341 -1 0 0
248 341 -1 0 0
247 341 -1 0 0
246 341 -1 0 0
245 341 -1 0 0
244 341 -1 0 0
243 341 -1 0 0
250 340 -1 0 0
249 340 -1 0 0
248 340 -1 0 0
247 340 -1 0 0
246 340 -1 0 0
245 340 -1 0 0
244 340 -1 0 0
247 339 -1 0 0
377 331 -1 0 0
380 330 -1 0 0
379 330 -1 0 0
378 330 -1 0 0
377 330 -1 0 0
376 330 -1 0 0
375 330 -1 0 0
374 330 -1 0 0
381 329 -1 0 0
380 329 -1 0 0
379 329 -1 0 0
378 329 -1 0 0
377 329 -1 0 0
376 329 -1 0 0
375 329 -1 0 0
374 329 -1 0 0
373 329 -1 0 0
381 328 -1 0 0
380 328 -1 0 0
379 328 -1 0 0
378 328 -1 0 0
377 328 -1 0 0
376 328 -1 0 0
375 328 -1 0 0
374 328 -1 0 0
373 328 -1 0 0
381 327 -1 0 0
380 327 -1 0 0
379 327 -1 0 0
378 327 -1 0 0
377 327 -1 0 0
376 327 -1 0 0
375 327 -1 0 0
374 327 -1 0 0
373 327 -1 0 0
382 326 -1 0 0
381 326 -1 0 0
380 326 -1 0 0
379 326 -1 0 0
378 326 -1 0 0
377 326 -1 0 0
376 326 -1 0 0
375 326 -1 0 0
374 326 -1 0 0
373 326 -1 0 0
372 326 -1 0 0
381 325 -1 0 0
380 325 -1 0 0
379 325 -1 0 0
378 325 -1 0 0
377 325 -1 0 0
376 325 -1 0 0
375 325 -1 0 0
374 325 -1 0 0
373 325 -1 0 0
381 324 -1 0 0
380 324 -1 0 0
379 324 -1 0 0
378 324 -1 0 0
377 324 -1 0 0
376 324 -1 0 0
375 324 -1 0 0
374 324 -1 0 0
373 324 -1 0 0
381 323 -1 0 0
380 323 -1 0 0
379 323 -1 0 0
378 323 -1 0 0
377 323 -1 0 0
376 323 -1 0 0
375 323 -1 0 0
374 323 -1 0 0
373 323 -1 0 0
380 322 -1 0 0
379 322 -1 0 0
378 322 -1 0 0
377 322 -1 0 0
376 322 -1 0 0
375 322 -1 0 0
374 322 -1 0 0
377 321 -1 0 0
391 278 -1 0 0
394 277 -1 0 0
393 277 -1 0 0
392 277 -1 0 0
391 277 -1 0 0
390 277 -1 0 0
389 277 -1 0 0
388 277 -1 0 0
395 276 -1 0 0
394 276 -1 0 0
393 276 -1 0 0
392 276 -1 0 0
391 276 -1 0 0
390 276 -1 0 0
389 276 -1 0 0
388 276 -1 0 0
387 276 -1 0 0
395 275 -1 0 0
394 275 -1 0 0
393 275 -1 0 0
392 275 -1 0 0
391 275 -1 0 0
390 275 -1 0 0
389 275 -1 0 0
388 275 -1 0 0
387 275 -1 0 0
395 274 -1 0 0
394 274 -1 0 0
393 274 -1 0 0
392 274 -1 0 0
391 274 -1 0 0
390 274 -1 0 0
389 274 -1 0 0
388 274 -1 0 0
387 274 -1 0 0
396 273 -1 0 0
395 273 -1 0 0
394 273 -1 0 0
393 273 -1 0 0
392 273 -1 0 0
391 273 -1 0 0
390 273 -1 0 0
389 273 -1 0 0
388 273 -1 0 0
387 273 -1 0 0
386 273 -1 0 0
395 272 -1 0 0
394 272 -1 0 0
393 272 -1 0 0
392 272 -1 0 0
391 272 -1 0 0
390 272 -1 0 0
389 272 -1 0 0
388 272 -1 0 0
387 272 -1 0 0
395 271 -1 0 0
394 271 -1 0 0
393 271 -1 0 0
392 271 -1 0 0
391 271 -1 0 0
390 271 -1 0 0
389 271 -1 0 0
388 271 -1 0 0
387 271 -1 0 0
395 270 -1 0 0
394 270 -1 0 0
393 270 -1 0 0
392 270 -1 0 0
391 270 -1 0 0
390 270 -1 0 0
389 270 -1 0 0
388 270 -1 0 0
387 270 -1 0 0
394 269 -1 0 0
393 269 -1 0 0
392 269 -1 0 0
391 269 -1 0 0
390 269 -1 0 0
389 269 -1 0 0
388 269 -1 0 0
391 268 -1 0 0
198 241 -1 1 0
201 240 -1 1 0
200 240 -1 1 0
199 240 -1 1 0
198 240 -1 1 0
197 240 -1 1 0
196 240 -1 1 0
195 240 -1 1 0
202 239 -1 1 0
201 239 -1 1 0
200 239 -1 1 0
199 239 -1 1 0
198 239 -1 1 0
197 239 -1 1 0
196 239 -1 1 0
195 239 -1 1 0
194 239 -1 1 0
212 238 -1 1 0
202 238 -1 1 0
201 238 -1 1 0
200 238 -1 1 0
199 238 -1 1 0
198 238 -1 1 0
197 238 -1 1 0
196 238 -1 1 0
195 238 -1 1 0
194 238 -1 1 0
193 238 -1 1 0
215 237 -1 1 0
214 237 -1 1 0
213 237 -1 1 0
212 237 -1 1 0
211 237 -1 1 0
210 237 -1 1 0
209 237 -1 1 0
202 237 -1 1 0
201 237 -1 1 0
200 237 -1 1 0
199 237 -1 1 0
198 237 -1 1 0
197 237 -1 1 0
196 237 -1 1 0
195 237 -1 1 0
194 237 -1 1 0
193 237 -1 1 0
216 236 -1 1 0
215 236 -1 1 0
214 236 -1 1 0
213 236 -1 1 0
212 236 -1 1 0
211 236 -1 1 0
210 236 -1 1 0
209 236 -1 1 0
208 236 -1 1 0
203 236 -1 1 0
202 236 -1 1 0
201 236 -1 1 0
200 236 -1 1 0
199 236 -1 1 0
198 236 -1 1 0
197 236 -1 1 0
196 236 -1 1 0
195 236 -1 1 0
194 236 -1 1 0
193 236 -1 1 0
216 235 -1 1 0
215 235 -1 1 0
214 235 -1 1 0
213 235 -1 1 0
212 235 -1 1 0
211 235 -1 1 0
210 235 -1 1 0
209 235 -1 1 0
208 235 -1 1 0
202 235 -1 1 0
201 235 -1 1 0
200 235 -1 1 0
199 235 -1 1 0
198 235 -1 1 0
197 235 -1 1 0
196 235 -1 1 0
195 235 -1 1 0
194 235 -1 1 0
193 235 -1 1 0
192 235 -1 1 0
216 234 -1 1 0
215 234 -1 1 0
214 234 -1 1 0
213 234 -1 1 0
212 234 -1 1 0
211 234 -1 1 0
210 234 -1 1 0
209 234 -1 1 0
208 234 -1 1 0
202 234 -1 1 0
201 234 -1 1 0
200 234 -1 1 0
199 234 -1 1 0
198 234 -1 1 0
197 234 -1 1 0
196 234 -1 1 0
195 234 -1 1 0
194 234 -1 1 0
193 234 -1 1 0
217 233 -1 1 0
216 233 -1 1 0
215 233 -1 1 0
214 233 -1 1 0
213 233 -1 1 0
212 233 -1 1 0
211 233 -1 1 0
210 233 -1 1 0
209 233 -1 1 0
208 233 -1 1 0
207 233 -1 1 0
202 233 -1 1 0
201 233 -1 1 0
200 233 -1 1 0
199 233 -1 1 0
198 233 -1 1 0
197 233 -1 1 0
196 233 -1 1 0
195 233 -1 1 0
194 233 -1 1 0
193 233 -1 1 0
216 232 -1 1 0
215 232 -1 1 0
214 232 -1 1 0
213 232 -1 1 0
212 232 -1 1 0
211 232 -1 1 0
210 232 -1 1 0
209 232 -1 1 0
208 232 -1 1 0
201 232 -1 1 0
200 232 -1 1 0
199 232 -1 1 0
198 232 -1 1 0
197 232 -1 1 0
196 232 -1 1 0
195 232 -1 1 0
194 232 -1 1 0
193 232 -1 1 0
216 231 -1 1 0
215 231 -1 1 0
214 231 -1 1 0
213 231 -1 1 0
212 231 -1 1 0
211 231 -1 1 0
210 231 -1 1 0
209 231 -1 1 0
208 231 -1 1 0
200 231 -1 1 0
199 231 -1 1 0
198 231 -1 1 0
197 231 -1 1 0
196 231 -1 1 0
195 231 -1 1 0
194 231 -1 1 0
180 231 -1 1 0
216 230 -1 1 0
215 230 -1 1 0
214 230 -1 1 0
213 230 -1 1 0
212 230 -1 1 0
211 230 -1 1 0
210 230 -1 1 0
209 230 -1 1 0
208 230 -1 1 0
197 230 -1 1 0
183 230 -1 1 0
182 230 -1 1 0
181 230 -1 1 0
180 230 -1 1 0
179 230 -1 1 0
178 230 -1 1 0
177 230 -1 1 0
215 229 -1 1 0
214 229 -1 1 0
213 229 -1 1 0
212 229 -1 1 0
211 229 -1 1 0
210 229 -1 1 0
209 229 -1 1 0
184 229 -1 1 0
183 229 -1 1 0
182 229 -1 1 0
181 229 -1 1 0
180 229 -1 1 0
179 229 -1 1 0
178 229 -1 1 0
177 229 -1 1 0
176 229 -1 1 0
212 228 -1 1 0
184 228 -1 1 0
183 228 -1 1 0
182 228 -1 1 0
181 228 -1 1 0
180 228 -1 1 0
179 228 -1 1 0
178 228 -1 1 0
177 228 -1 1 0
176 228 -1 1 0
184 227 -1 1 0
183 227 -1 1 0
182 227 -1 1 0
181 227 -1 1 0
180 227 -1 1 0
179 227 -1 1 0
178 227 -1 1 0
177 227 -1 1 0
176 227 -1 1 0
185 226 -1 1 0
184 226 -1 1 0
183 226 -1 1 0
182 226 -1 1 0
181 226 -1 1 0
180 226 -1 1 0
179 226 -1 1 0
178 226 -1 1 0
177 226 -1 1 0
176 226 -1 1 0
175 226 -1 1 0
184 225 -1 1 0
183 225 -1 1 0
182 225 -1 1 0
181 225 -1 1 0
180 225 -1 1 0
179 225 -1 1 0
178 225 -1 1 0
177 225 -1 1 0
176 225 -1 1 0
184 224 -1 1 0
183 224 -1 1 0
182 224 -1 1 0
181 224 -1 1 0
180 224 -1 1 0
179 224 -1 1 0
178 224 -1 1 0
177 224 -1 1 0
176 224 -1 1 0
184 223 -1 1 0
183 223 -1 1 0
182 223 -1 1 0
181 223 -1 1 0
180 223 -1 1 0
179 223 -1 1 0
178 223 -1 1 0
177 223 -1 1 0
176 223 -1 1 0
203 222 -1 1 0
183 222 -1 1 0
182 222 -1 1 0
181 222 -1 1 0
180 222 -1 1 0
179 222 -1 1 0
178 222 -1 1 0
177 222 -1 1 0
206 221 -1 1 0
205 221 -1 1 0
204 221 -1 1 0
203 221 -1 1 0
202 221 -1 1 0
201 221 -1 1 0
200 221 -1 1 0
180 221 -1 1 0
207 220 -1 1 0
206 220 -1 1 0
205 220 -1 1 0
204 220 -1 1 0
203 220 -1 1 0
202 220 -1 1 0
201 220 -1 1 0
200 220 -1 1 0
199 220 -1 1 0
207 219 -1 1 0
206 219 -1 1 0
205 219 -1 1 0
204 219 -1 1 0
203 219 -1 1 0
202 219 -1 1 0
201 219 -1 1 0
200 219 -1 1 0
199 219 -1 1 0
207 218 -1 1 0
206 218 -1 1 0
205 218 -1 1 0
204 218 -1 1 0
203 218 -1 1 0
202 218 -1 1 0
201 218 -1 1 0
200 218 -1 1 0
199 218 -1 1 0
208 217 -1 1 0
207 217 -1 1 0
206 217 -1 1 0
205 217 -1 1 0
204 217 -1 1 0
203 217 -1 1 0
202 217 -1 1 0
201 217 -1 1 0
200 217 -1 1 0
199 217 -1 1 0
198 217 -1 1 0
207 216 -1 1 0
206 216 -1 1 0
205 216 -1 1 0
204 216 -1 1 0
203 216 -1 1 0
202 216 -1 1 0
201 216 -1 1 0
200 216 -1 1 0
199 216 -1 1 0
207 215 -1 1 0
206 215 -1 1 0
205 215 -1 1 0
204 215 -1 1 0
203 215 -1 1 0
202 215 -1 1 0
201 215 -1 1 0
200 215 -1 1 0
199 215 -1 1 0
207 214 -1 1 0
206 214 -1 1 0
205 214 -1 1 0
204 214 -1 1 0
203 214 -1 1 0
202 214 -1 1 0
201 214 -1 1 0
200 214 -1 1 0
199 214 -1 1 0
164 214 -1 1 0
206 213 -1 1 0
205 213 -1 1 0
204 213 -1 1 0
203 213 -1 1 0
202 213 -1 1 0
201 213 -1 1 0
200 213 -1 1 0
167 213 -1 1 0
166 213 -1 1 0
165 213 -1 1 0
164 213 -1 1 0
163 213 -1 1 0
162 213 -1 1 0
161 213 -1 1 0
203 212 -1 1 0
168 212 -1 1 0
167 212 -1 1 0
166 212 -1 1 0
165 212 -1 1 0
164 212 -1 1 0
163 212 -1 1 0
162 212 -1 1 0
161 212 -1 1 0
160 212 -1 1 0
184 211 -1 1 0
168 211 -1 1 0
167 211 -1 1 0
166 211 -1 1 0
165 211 -1 1 0
164 211 -1 1 0
163 211 -1 1 0
162 211 -1 1 0
161 211 -1 1 0
160 211 -1 1 0
187 210 -1 1 0
186 210 -1 1 0
185 210 -1 1 0
184 210 -1 1 0
183 210 -1 1 0
182 210 -1 1 0
181 210 -1 1 0
168 210 -1 1 0
167 210 -1 1 0
166 210 -1 1 0
165 210 -1 1 0
164 210 -1 1 0
163 210 -1 1 0
162 210 -1 1 0
161 210 -1 1 0
160 210 -1 1 0
188 209 -1 1 0
187 209 -1 1 0
186 209 -1 1 0
185 209 -1 1 0
184 209 -1 1 0
183 209 -1 1 0
182 209 -1 1 0
181 209 -1 1 0
180 209 -1 1 0
169 209 -1 1 0
168 209 -1 1 0
167 209 -1 1 0
166 209 -1 1 0
165 209 -1 1 0
164 209 -1 1 0
163 209 -1 1 0
162 209 -1 1 0
161 209 -1 1 0
160 209 -1 1 0
159 209 -1 1 0
188 208 -1 1 0
187 208 -1 1 0
186 208 -1 1 0
185 208 -1 1 0
184 208 -1 1 0
183 208 -1 1 0
182 208 -1 1 0
181 208 -1 1 0
180 208 -1 1 0
168 208 -1 1 0
167 208 -1 1 0
166 208 -1 1 0
165 208 -1 1 0
164 208 -1 1 0
163 208 -1 1 0
162 208 -1 1 0
161 208 -1 1 0
160 208 -1 1 0
188 207 -1 1 0
187 207 -1 1 0
186 207 -1 1 0
185 207 -1 1 0
184 207 -1 1 0
183 207 -1 1 0
182 207 -1 1 0
181 207 -1 1 0
180 207 -1 1 0
168 207 -1 1 0
167 207 -1 1 0
166 207 -1 1 0
165 207 -1 1 0
164 207 -1 1 0
163 207 -1 1 0
162 207 -1 1 0
161 207 -1 1 0
160 207 -1 1 0
189 206 -1 1 0
188 206 -1 1 0
187 206 -1 1 0
186 206 -1 1 0
185 206 -1 1 0
184 206 -1 1 0
183 206 -1 1 0
182 206 -1 1 0
181 206 -1 1 0
180 206 -1 1 0
179 206 -1 1 0
168 206 -1 1 0
167 206 -1 1 0
166 206 -1 1 0
165 206 -1 1 0
164 206 -1 1 0
163 206 -1 1 0
162 206 -1 1 0
161 206 -1 1 0
160 206 -1 1 0
188 205 -1 1 0
187 205 -1 1 0
186 205 -1 1 0
185 205 -1 1 0
184 205 -1 1 0
183 205 -1 1 0
182 205 -1 1 0
181 205 -1 1 0
180 205 -1 1 0
167 205 -1 1 0
166 205 -1 1 0
165 205 -1 1 0
164 205 -1 1 0
163 205 -1 1 0
162 205 -1 1 0
161 205 -1 1 0
188 204 -1 1 0
187 204 -1 1 0
186 204 -1 1 0
185 204 -1 1 0
184 204 -1 1 0
183 204 -1 1 0
182 204 -1 1 0
181 204 -1 1 0
180 204 -1 1 0
164 204 -1 1 0
188 203 -1 1 0
187 203 -1 1 0
186 203 -1 1 0
185 203 -1 1 0
184 203 -1 1 0
183 203 -1 1 0
182 203 -1 1 0
181 203 -1 1 0
180 203 -1 1 0
187 202 -1 1 0
186 202 -1 1 0
185 202 -1 1 0
184 202 -1 1 0
183 202 -1 1 0
182 202 -1 1 0
181 202 -1 1 0
184 201 -1 1 0
257 160 -1 0 0
260 159 -1 0 0
259 159 -1 0 0
258 159 -1 0 0
257 159 -1 0 0
256 159 -1 0 0
255 159 -1 0 0
254 159 -1 0 0
261 158 -1 0 0
260 158 -1 0 0
259 158 -1 0 0
258 158 -1 0 0
257 158 -1 0 0
256 158 -1 0 0
255 158 -1 0 0
254 158 -1 0 0
253 158 -1 0 0
261 157 -1 0 0
260 157 -1 0 0
259 157 -1 0 0
258 157 -1 0 0
257 157 -1 0 0
256 157 -1 0 0
255 157 -1 0 0
254 157 -1 0 0
253 157 -1 0 0
261 156 -1 0 0
260 156 -1 0 0
259 156 -1 0 0
258 156 -1 0 0
257 156 -1 0 0
256 156 -1 0 0
255 156 -1 0 0
254 156 -1 0 0
253 156 -1 0 0
262 155 -1 0 0
261 155 -1 0 0
260 155 -1 0 0
259 155 -1 0 0
258 155 -1 0 0
257 155 -1 0 0
256 155 -1 0 0
255 155 -1 0 0
254 155 -1 0 0
253 155 -1 0 0
252 155 -1 0 0
261 154 -1 0 0
260 154 -1 0 0
259 154 -1 0 0
258 154 -1 0 0
257 154 -1 0 0
256 154 -1 0 0
255 154 -1 0 0
254 154 -1 0 0
253 154 -1 0 0
261 153 -1 0 0
260 153 -1 0 0
259 153 -1 0 0
258 153 -1 0 0
257 153 -1 0 0
256 153 -1 0 0
255 153 -1 0 0
254 153 -1 0 0
253 153 -1 0 0
261 152 -1 0 0
260 152 -1 0 0
259 152 -1 0 0
258 152 -1 0 0
257 152 -1 0 0
256 152 -1 0 0
255 152 -1 0 0
254 152 -1 0 0
253 152 -1 0 0
260 151 -1 0 0
259 151 -1 0 0
258 151 -1 0 0
257 151 -1 0 0
256 151 -1 0 0
255 151 -1 0 0
254 151 -1 0 0
257 150 -1 0 0
110 100 -1 0 0
113 99 -1 0 0
112 99 -1 0 0
111 99 -1 0 0
110 99 -1 0 0
109 99 -1 0 0
108 99 -1 0 0
107 99 -1 0 0
114 98 -1 0 0
113 98 -1 0 0
112 98 -1 0 0
111 98 -1 0 0
110 98 -1 0 0
109 98 -1 0 0
108 98 -1 0 0
107 98 -1 0 0
106 98 -1 0 0
114 97 -1 0 0
113 97 -1 0 0
112 97 -1 0 0
111 97 -1 0 0
110 97 -1 0 0
109 97 -1 0 0
108 97 -1 0 0
107 97 -1 0 0
106 97 -1 0 0
114 96 -1 0 0
113 96 -1 0 0
112 96 -1 0 0
111 96 -1 0 0
110 96 -1 0 0
109 96 -1 0 0
108 96 -1 0 0
107 96 -1 0 0
106 96 -1 0 0
115 95 -1 0 0
114 95 -1 0 0
113 95 -1 0 0
112 95 -1 0 0
111 95 -1 0 0
110 95 -1 0 0
109 95 -1 0 0
108 95 -1 0 0
107 95 -1 0 0
106 95 -1 0 0
105 95 -1 0 0
114 94 -1 0 0
113 94 -1 0 0
112 94 -1 0 0
111 94 -1 0 0
110 94 -1 0 0
109 94 -1 0 0
108 94 -1 0 0
107 94 -1 0 0
106 94 -1 0 0
114 93 -1 0 0
113 93 -1 0 0
112 93 -1 0 0
111 93 -1 0 0
110 93 -1 0 0
109 93 -1 0 0
108 93 -1 0 0
107 93 -1 0 0
106 93 -1 0 0
114 92 -1 0 0
113 92 -1 0 0
112 92 -1 0 0
111 92 -1 0 0
110 92 -1 0 0
109 92 -1 0 0
108 92 -1 0 0
107 92 -1 0 0
106 92 -1 0 0
113 91 -1 0 0
112 91 -1 0 0
111 91 -1 0 0
110 91 -1 0 0
109 91 -1 0 0
108 91 -1 0 0
107 91 -1 0 0
110 90 -1 0 0
368 64 -1 0 0
371 63 -1 0 0
370 63 -1 0 0
369 63 -1 0 0
368 63 -1 0 0
367 63 -1 0 0
366 63 -1 0 0
365 63 -1 0 0
372 62 -1 0 0
371 62 -1 0 0
370 62 -1 0 0
369 62 -1 0 0
368 62 -1 0 0
367 62 -1 0 0
366 62 -1 0 0
365 62 -1 0 0
364 62 -1 0 0
372 61 -1 0 0
371 61 -1 0 0
370 61 -1 0 0
369 61 -1 0 0
368 61 -1 0 0
367 61 -1 0 0
366 61 -1 0 0
365 61 -1 0 0
364 61 -1 0 0
372 60 -1 0 0
371 60 -1 0 0
370 60 -1 0 0
369 60 -1 0 0
368 60 -1 0 0
367 60 -1 0 0
366 60 -1 0 0
365 60 -1 0 0
364 60 -1 0 0
373 59 -1 0 0
372 59 -1 0 0
371 59 -1 0 0
370 59 -1 0 0
369 59 -1 0 0
368 59 -1 0 0
367 59 -1 0 0
366 59 -1 0 0
365 59 -1 0 0
364 59 -1 0 0
363 59 -1 0 0
372 58 -1 0 0
371 58 -1 0 0
370 58 -1 0 0
369 58 -1 0 0
368 58 -1 0 0
367 58 -1 0 0
366 58 -1 0 0
365 58 -1 0 0
364 58 -1 0 0
372 57 -1 0 0
371 57 -1 0 0
370 57 -1 0 0
369 57 -1 0 0
368 57 -1 0 0
367 57 -1 0 0
366 57 -1 0 0
365 57 -1 0 0
364 57 -1 0 0
372 56 -1 0 0
371 56 -1 0 0
370 56 -1 0 0
369 56 -1 0 0
368 56 -1 0 0
367 56 -1 0 0
366 56 -1 0 0
365 56 -1 0 0
364 56 -1 0 0
371 55 -1 0 0
370 55 -1 0 0
369 55 -1 0 0
368 55 -1 0 0
367 55 -1 0 0
366 55 -1 0 0
365 55 -1 0 0
368 54 -1 0 0
