324 240 240
195 193 -1 0 0
198 192 -1 0 0
197 192 -1 0 0
196 192 -1 0 0
195 192 -1 0 0
194 192 -1 0 0
193 192 -1 0 0
192 192 -1 0 0
199 191 -1 0 0
198 191 -1 0 0
197 191 -1 0 0
196 191 -1 0 0
195 191 -1 0 0
194 191 -1 0 0
193 191 -1 0 0
192 191 -1 0 0
191 191 -1 0 0
199 190 -1 0 0
198 190 -1 0 0
197 190 -1 0 0
196 190 -1 0 0
195 190 -1 0 0
194 190 -1 0 0
193 190 -1 0 0
192 190 -1 0 0
191 190 -1 0 0
199 189 -1 0 0
198 189 -1 0 0
197 189 -1 0 0
196 189 -1 0 0
195 189 -1 0 0
194 189 -1 0 0
193 189 -1 0 0
192 189 -1 0 0
191 189 -1 0 0
200 188 -1 0 0
199 188 -1 0 0
198 188 -1 0 0
197 188 -1 0 0
196 188 -1 0 0
195 188 -1 0 0
194 188 -1 0 0
193 188 -1 0 0
192 188 -1 0 0
191 188 -1 0 0
190 188 -1 0 0
199 187 -1 0 0
198 187 -1 0 0
197 187 -1 0 0
196 187 -1 0 0
195 187 -1 0 0
194 187 -1 0 0
193 187 -1 0 0
192 187 -1 0 0
191 187 -1 0 0
199 186 -1 0 0
198 186 -1 0 0
197 186 -1 0 0
196 186 -1 0 0
195 186 -1 0 0
194 186 -1 0 0
193 186 -1 0 0
192 186 -1 0 0
191 186 -1 0 0
199 185 -1 0 0
198 185 -1 0 0
197 185 -1 0 0
196 185 -1 0 0
195 185 -1 0 0
194 185 -1 0 0
193 185 -1 0 0
192 185 -1 0 0
191 185 -1 0 0
198 184 -1 0 0
197 184 -1 0 0
196 184 -1 0 0
195 184 -1 0 0
194 184 -1 0 0
193 184 -1 0 0
192 184 -1 0 0
195 183 -1 0 0
87 168 -1 1 0
90 167 -1 1 0
89 167 -1 1 0
88 167 -1 1 0
87 167 -1 1 0
86 167 -1 1 0
85 167 -1 1 0
84 167 -1 1 0
91 166 -1 1 0
90 166 -1 1 0
89 166 -1 1 0
88 166 -1 1 0
87 166 -1 1 0
86 166 -1 1 0
85 166 -1 1 0
84 166 -1 1 0
83 166 -1 1 0
148 165 -1 0 0
91 165 -1 1 0
90 165 -1 1 0
89 165 -1 1 0
88 165 -1 1 0
87 165 -1 1 0
86 165 -1 1 0
85 165 -1 1 0
84 165 -1 1 0
83 165 -1 1 0
151 164 -1 0 0
150 164 -1 0 0
149 164 -1 0 0
148 164 -1 0 0
147 164 -1 0 0
146 164 -1 0 0
145 164 -1 0 0
91 164 -1 1 0
90 164 -1 1 0
89 164 -1 1 0
88 164 -1 1 0
87 164 -1 1 0
86 164 -1 1 0
85 164 -1 1 0
84 164 -1 1 0
83 164 -1 1 0
152 163 -1 0 0
151 163 -1 0 0
150 163 -1 0 0
149 163 -1 0 0
148 163 -1 0 0
147 163 -1 0 0
146 163 -1 0 0
145 163 -1 0 0
144 163 -1 0 0
92 163 -1 1 0
91 163 -1 1 0
90 163 -1 1 0
89 163 -1 1 0
88 163 -1 1 0
87 163 -1 1 0
86 163 -1 1 0
85 163 -1 1 0
84 163 -1 1 0
83 163 -1 1 0
82 163 -1 1 0
152 162 -1 0 0
151 162 -1 0 0
150 162 -1 0 0
149 162 -1 0 0
148 162 -1 0 0
147 162 -1 0 0
146 162 -1 0 0
145 162 -1 0 0
144 162 -1 0 0
91 162 -1 1 0
90 162 -1 1 0
89 162 -1 1 0
88 162 -1 1 0
87 162 -1 1 0
86 162 -1 1 0
85 162 -1 1 0
84 162 -1 1 0
83 162 -1 1 0
152 161 -1 0 0
151 161 -1 0 0
150 161 -1 0 0
149 161 -1 0 0
148 161 -1 0 0
147 161 -1 0 0
146 161 -1 0 0
145 161 -1 0 0
144 161 -1 0 0
91 161 -1 1 0
90 161 -1 1 0
89 161 -1 1 0
88 161 -1 1 0
87 161 -1 1 0
86 161 -1 1 0
85 161 -1 1 0
84 161 -1 1 0
83 161 -1 1 0
153 160 -1 0 0
152 160 -1 0 0
151 160 -1 0 0
150 160 -1 0 0
149 160 -1 0 0
148 160 -1 0 0
147 160 -1 0 0
146 160 -1 0 0
145 160 -1 0 0
144 160 -1 0 0
143 160 -1 0 0
91 160 -1 1 0
90 160 -1 1 0
89 160 -1 1 0
88 160 -1 1 0
87 160 -1 1 0
86 160 -1 1 0
85 160 -1 1 0
84 160 -1 1 0
83 160 -1 1 0
152 159 -1 0 0
151 159 -1 0 0
150 159 -1 0 0
149 159 -1 0 0
148 159 -1 0 0
147 159 -1 0 0
146 159 -1 0 0
145 159 -1 0 0
144 159 -1 0 0
90 159 -1 1 0
89 159 -1 1 0
88 159 -1 1 0
87 159 -1 1 0
86 159 -1 1 0
85 159 -1 1 0
84 159 -1 1 0
152 158 -1 0 0
151 158 -1 0 0
150 158 -1 0 0
149 158 -1 0 0
148 158 -1 0 0
147 158 -1 0 0
146 158 -1 0 0
145 158 -1 0 0
144 158 -1 0 0
87 158 -1 1 0
152 157 -1 0 0
151 157 -1 0 0
150 157 -1 0 0
149 157 -1 0 0
148 157 -1 0 0
147 157 -1 0 0
146 157 -1 0 0
145 157 -1 0 0
144 157 -1 0 0
151 156 -1 0 0
150 156 -1 0 0
149 156 -1 0 0
148 156 -1 0 0
147 156 -1 0 0
146 156 -1 0 0
145 156 -1 0 0
148 155 -1 0 0
101 130 -1 1 0
104 129 -1 1 0
103 129 -1 1 0
102 129 -1 1 0
101 129 -1 1 0
100 129 -1 1 0
99 129 -1 1 0
98 129 -1 1 0
105 128 -1 1 0
104 128 -1 1 0
103 128 -1 1 0
102 128 -1 1 0
101 128 -1 1 0
100 128 -1 1 0
99 128 -1 1 0
98 128 -1 1 0
97 128 -1 1 0
105 127 -1 1 0
104 127 -1 1 0
103 127 -1 1 0
102 127 -1 1 0
101 127 -1 1 0
100 127 -1 1 0
99 127 -1 1 0
98 127 -1 1 0
97 127 -1 1 0
105 126 -1 1 0
104 126 -1 1 0
103 126 -1 1 0
102 126 -1 1 0
101 126 -1 1 0
100 126 -1 1 0
99 126 -1 1 0
98 126 -1 1 0
97 126 -1 1 0
106 125 -1 1 0
105 125 -1 1 0
104 125 -1 1 0
103 125 -1 1 0
102 125 -1 1 0
101 125 -1 1 0
100 125 -1 1 0
99 125 -1 1 0
98 125 -1 1 0
97 125 -1 1 0
96 125 -1 1 0
105 124 -1 1 0
104 124 -1 1 0
103 124 -1 1 0
102 124 -1 1 0
101 124 -1 1 0
100 124 -1 1 0
99 124 -1 1 0
98 124 -1 1 0
97 124 -1 1 0
105 123 -1 1 0
104 123 -1 1 0
103 123 -1 1 0
102 123 -1 1 0
101 123 -1 1 0
100 123 -1 1 0
99 123 -1 1 0
98 123 -1 1 0
97 123 -1 1 0
105 122 -1 1 0
104 122 -1 1 0
103 122 -1 1 0
102 122 -1 1 0
101 122 -1 1 0
100 122 -1 1 0
99 122 -1 1 0
98 122 -1 1 0
97 122 -1 1 0
104 121 -1 1 0
103 121 -1 1 0
102 121 -1 1 0
101 121 -1 1 0
100 121 -1 1 0
99 121 -1 1 0
98 121 -1 1 0
101 120 -1 1 0
