567 240 240
68 159 -1 1 0
71 158 -1 1 0
70 158 -1 1 0
69 158 -1 1 0
68 158 -1 1 0
67 158 -1 1 0
66 158 -1 1 0
65 158 -1 1 0
72 157 -1 1 0
71 157 -1 1 0
70 157 -1 1 0
69 157 -1 1 0
68 157 -1 1 0
67 157 -1 1 0
66 157 -1 1 0
65 157 -1 1 0
64 157 -1 1 0
87 156 -1 1 0
72 156 -1 1 0
71 156 -1 1 0
70 156 -1 1 0
69 156 -1 1 0
68 156 -1 1 0
67 156 -1 1 0
66 156 -1 1 0
65 156 -1 1 0
64 156 -1 1 0
90 155 -1 1 0
89 155 -1 1 0
88 155 -1 1 0
87 155 -1 1 0
86 155 -1 1 0
85 155 -1 1 0
84 155 -1 1 0
72 155 -1 1 0
71 155 -1 1 0
70 155 -1 1 0
69 155 -1 1 0
68 155 -1 1 0
67 155 -1 1 0
66 155 -1 1 0
65 155 -1 1 0
64 155 -1 1 0
91 154 -1 1 0
90 154 -1 1 0
89 154 -1 1 0
88 154 -1 1 0
87 154 -1 1 0
86 154 -1 1 0
85 154 -1 1 0
84 154 -1 1 0
83 154 -1 1 0
73 154 -1 1 0
72 154 -1 1 0
71 154 -1 1 0
70 154 -1 1 0
69 154 -1 1 0
68 154 -1 1 0
67 154 -1 1 0
66 154 -1 1 0
65 154 -1 1 0
64 154 -1 1 0
63 154 -1 1 0
91 153 -1 1 0
90 153 -1 1 0
89 153 -1 1 0
88 153 -1 1 0
87 153 -1 1 0
86 153 -1 1 0
85 153 -1 1 0
84 153 -1 1 0
83 153 -1 1 0
72 153 -1 1 0
71 153 -1 1 0
70 153 -1 1 0
69 153 -1 1 0
68 153 -1 1 0
67 153 -1 1 0
66 153 -1 1 0
65 153 -1 1 0
64 153 -1 1 0
91 152 -1 1 0
90 152 -1 1 0
89 152 -1 1 0
88 152 -1 1 0
87 152 -1 1 0
86 152 -1 1 0
85 152 -1 1 0
84 152 -1 1 0
83 152 -1 1 0
72 152 -1 1 0
71 152 -1 1 0
70 152 -1 1 0
69 152 -1 1 0
68 152 -1 1 0
67 152 -1 1 0
66 152 -1 1 0
65 152 -1 1 0
64 152 -1 1 0
92 151 -1 1 0
91 151 -1 1 0
90 151 -1 1 0
89 151 -1 1 0
88 151 -1 1 0
87 151 -1 1 0
86 151 -1 1 0
85 151 -1 1 0
84 151 -1 1 0
83 151 -1 1 0
82 151 -1 1 0
72 151 -1 1 0
71 151 -1 1 0
70 151 -1 1 0
69 151 -1 1 0
68 151 -1 1 0
67 151 -1 1 0
66 151 -1 1 0
65 151 -1 1 0
64 151 -1 1 0
91 150 -1 1 0
90 150 -1 1 0
89 150 -1 1 0
88 150 -1 1 0
87 150 -1 1 0
86 150 -1 1 0
85 150 -1 1 0
84 150 -1 1 0
83 150 -1 1 0
71 150 -1 1 0
70 150 -1 1 0
69 150 -1 1 0
68 150 -1 1 0
67 150 -1 1 0
66 150 -1 1 0
65 150 -1 1 0
91 149 -1 1 0
90 149 -1 1 0
89 149 -1 1 0
88 149 -1 1 0
87 149 -1 1 0
86 149 -1 1 0
85 149 -1 1 0
84 149 -1 1 0
83 149 -1 1 0
68 149 -1 1 0
91 148 -1 1 0
90 148 -1 1 0
89 148 -1 1 0
88 148 -1 1 0
87 148 -1 1 0
86 148 -1 1 0
85 148 -1 1 0
84 148 -1 1 0
83 148 -1 1 0
159 147 -1 0 0
101 147 -1 1 0
90 147 -1 1 0
89 147 -1 1 0
88 147 -1 1 0
87 147 -1 1 0
86 147 -1 1 0
85 147 -1 1 0
84 147 -1 1 0
162 146 -1 0 0
161 146 -1 0 0
160 146 -1 0 0
159 146 -1 0 0
158 146 -1 0 0
157 146 -1 0 0
156 146 -1 0 0
104 146 -1 1 0
103 146 -1 1 0
102 146 -1 1 0
101 146 -1 1 0
100 146 -1 1 0
99 146 -1 1 0
98 146 -1 1 0
87 146 -1 1 0
163 145 -1 0 0
162 145 -1 0 0
161 145 -1 0 0
160 145 -1 0 0
159 145 -1 0 0
158 145 -1 0 0
157 145 -1 0 0
156 145 -1 0 0
155 145 -1 0 0
105 145 -1 1 0
104 145 -1 1 0
103 145 -1 1 0
102 145 -1 1 0
101 145 -1 1 0
100 145 -1 1 0
99 145 -1 1 0
98 145 -1 1 0
97 145 -1 1 0
163 144 -1 0 0
162 144 -1 0 0
161 144 -1 0 0
160 144 -1 0 0
159 144 -1 0 0
158 144 -1 0 0
157 144 -1 0 0
156 144 -1 0 0
155 144 -1 0 0
105 144 -1 1 0
104 144 -1 1 0
103 144 -1 1 0
102 144 -1 1 0
101 144 -1 1 0
100 144 -1 1 0
99 144 -1 1 0
98 144 -1 1 0
97 144 -1 1 0
163 143 -1 0 0
162 143 -1 0 0
161 143 -1 0 0
160 143 -1 0 0
159 143 -1 0 0
158 143 -1 0 0
157 143 -1 0 0
156 143 -1 0 0
155 143 -1 0 0
105 143 -1 1 0
104 143 -1 1 0
103 143 -1 1 0
102 143 -1 1 0
101 143 -1 1 0
100 143 -1 1 0
99 143 -1 1 0
98 143 -1 1 0
97 143 -1 1 0
164 142 -1 0 0
163 142 -1 0 0
162 142 -1 0 0
161 142 -1 0 0
160 142 -1 0 0
159 142 -1 0 0
158 142 -1 0 0
157 142 -1 0 0
156 142 -1 0 0
155 142 -1 0 0
154 142 -1 0 0
106 142 -1 1 0
105 142 -1 1 0
104 142 -1 1 0
103 142 -1 1 0
102 142 -1 1 0
101 142 -1 1 0
100 142 -1 1 0
99 142 -1 1 0
98 142 -1 1 0
97 142 -1 1 0
96 142 -1 1 0
163 141 -1 0 0
162 141 -1 0 0
161 141 -1 0 0
160 141 -1 0 0
159 141 -1 0 0
158 141 -1 0 0
157 141 -1 0 0
156 141 -1 0 0
155 141 -1 0 0
105 141 -1 1 0
104 141 -1 1 0
103 141 -1 1 0
102 141 -1 1 0
101 141 -1 1 0
100 141 -1 1 0
99 141 -1 1 0
98 141 -1 1 0
97 141 -1 1 0
163 140 -1 0 0
162 140 -1 0 0
161 140 -1 0 0
160 140 -1 0 0
159 140 -1 0 0
158 140 -1 0 0
157 140 -1 0 0
156 140 -1 0 0
155 140 -1 0 0
105 140 -1 1 0
104 140 -1 1 0
103 140 -1 1 0
102 140 -1 1 0
101 140 -1 1 0
100 140 -1 1 0
99 140 -1 1 0
98 140 -1 1 0
97 140 -1 1 0
163 139 -1 0 0
162 139 -1 0 0
161 139 -1 0 0
160 139 -1 0 0
159 139 -1 0 0
158 139 -1 0 0
157 139 -1 0 0
156 139 -1 0 0
155 139 -1 0 0
105 139 -1 1 0
104 139 -1 1 0
103 139 -1 1 0
102 139 -1 1 0
101 139 -1 1 0
100 139 -1 1 0
99 139 -1 1 0
98 139 -1 1 0
97 139 -1 1 0
162 138 -1 0 0
161 138 -1 0 0
160 138 -1 0 0
159 138 -1 0 0
158 138 -1 0 0
157 138 -1 0 0
156 138 -1 0 0
104 138 -1 1 0
103 138 -1 1 0
102 138 -1 1 0
101 138 -1 1 0
100 138 -1 1 0
99 138 -1 1 0
98 138 -1 1 0
159 137 -1 0 0
101 137 -1 1 0
81 136 -1 1 0
84 135 -1 1 0
83 135 -1 1 0
82 135 -1 1 0
81 135 -1 1 0
80 135 -1 1 0
79 135 -1 1 0
78 135 -1 1 0
85 134 -1 1 0
84 134 -1 1 0
83 134 -1 1 0
82 134 -1 1 0
81 134 -1 1 0
80 134 -1 1 0
79 134 -1 1 0
78 134 -1 1 0
77 134 -1 1 0
85 133 -1 1 0
84 133 -1 1 0
83 133 -1 1 0
82 133 -1 1 0
81 133 -1 1 0
80 133 -1 1 0
79 133 -1 1 0
78 133 -1 1 0
77 133 -1 1 0
85 132 -1 1 0
84 132 -1 1 0
83 132 -1 1 0
82 132 -1 1 0
81 132 -1 1 0
80 132 -1 1 0
79 132 -1 1 0
78 132 -1 1 0
77 132 -1 1 0
86 131 -1 1 0
85 131 -1 1 0
84 131 -1 1 0
83 131 -1 1 0
82 131 -1 1 0
81 131 -1 1 0
80 131 -1 1 0
79 131 -1 1 0
78 131 -1 1 0
77 131 -1 1 0
76 131 -1 1 0
85 130 -1 1 0
84 130 -1 1 0
83 130 -1 1 0
82 130 -1 1 0
81 130 -1 1 0
80 130 -1 1 0
79 130 -1 1 0
78 130 -1 1 0
77 130 -1 1 0
85 129 -1 1 0
84 129 -1 1 0
83 129 -1 1 0
82 129 -1 1 0
81 129 -1 1 0
80 129 -1 1 0
79 129 -1 1 0
78 129 -1 1 0
77 129 -1 1 0
85 128 -1 1 0
84 128 -1 1 0
83 128 -1 1 0
82 128 -1 1 0
81 128 -1 1 0
80 128 -1 1 0
79 128 -1 1 0
78 128 -1 1 0
77 128 -1 1 0
84 127 -1 1 0
83 127 -1 1 0
82 127 -1 1 0
81 127 -1 1 0
80 127 -1 1 0
79 127 -1 1 0
78 127 -1 1 0
81 126 -1 1 0
93 104 -1 0 0
96 103 -1 0 0
95 103 -1 0 0
94 103 -1 0 0
93 103 -1 0 0
92 103 -1 0 0
91 103 -1 0 0
90 103 -1 0 0
97 102 -1 0 0
96 102 -1 0 0
95 102 -1 0 0
94 102 -1 0 0
93 102 -1 0 0
92 102 -1 0 0
91 102 -1 0 0
90 102 -1 0 0
89 102 -1 0 0
97 101 -1 0 0
96 101 -1 0 0
95 101 -1 0 0
94 101 -1 0 0
93 101 -1 0 0
92 101 -1 0 0
91 101 -1 0 0
90 101 -1 0 0
89 101 -1 0 0
97 100 -1 0 0
96 100 -1 0 0
95 100 -1 0 0
94 100 -1 0 0
93 100 -1 0 0
92 100 -1 0 0
91 100 -1 0 0
90 100 -1 0 0
89 100 -1 0 0
98 99 -1 0 0
97 99 -1 0 0
96 99 -1 0 0
95 99 -1 0 0
94 99 -1 0 0
93 99 -1 0 0
92 99 -1 0 0
91 99 -1 0 0
90 99 -1 0 0
89 99 -1 0 0
88 99 -1 0 0
97 98 -1 0 0
96 98 -1 0 0
95 98 -1 0 0
94 98 -1 0 0
93 98 -1 0 0
92 98 -1 0 0
91 98 -1 0 0
90 98 -1 0 0
89 98 -1 0 0
97 97 -1 0 0
96 97 -1 0 0
95 97 -1 0 0
94 97 -1 0 0
93 97 -1 0 0
92 97 -1 0 0
91 97 -1 0 0
90 97 -1 0 0
89 97 -1 0 0
97 96 -1 0 0
96 96 -1 0 0
95 96 -1 0 0
94 96 -1 0 0
93 96 -1 0 0
92 96 -1 0 0
91 96 -1 0 0
90 96 -1 0 0
89 96 -1 0 0
96 95 -1 0 0
95 95 -1 0 0
94 95 -1 0 0
93 95 -1 0 0
92 95 -1 0 0
91 95 -1 0 0
90 95 -1 0 0
93 94 -1 0 0
141 88 -1 0 0
144 87 -1 0 0
143 87 -1 0 0
142 87 -1 0 0
141 87 -1 0 0
140 87 -1 0 0
139 87 -1 0 0
138 87 -1 0 0
145 86 -1 0 0
144 86 -1 0 0
143 86 -1 0 0
142 86 -1 0 0
141 86 -1 0 0
140 86 -1 0 0
139 86 -1 0 0
138 86 -1 0 0
137 86 -1 0 0
145 85 -1 0 0
144 85 -1 0 0
143 85 -1 0 0
142 85 -1 0 0
141 85 -1 0 0
140 85 -1 0 0
139 85 -1 0 0
138 85 -1 0 0
137 85 -1 0 0
145 84 -1 0 0
144 84 -1 0 0
143 84 -1 0 0
142 84 -1 0 0
141 84 -1 0 0
140 84 -1 0 0
139 84 -1 0 0
138 84 -1 0 0
137 84 -1 0 0
146 83 -1 0 0
145 83 -1 0 0
144 83 -1 0 0
143 83 -1 0 0
142 83 -1 0 0
141 83 -1 0 0
140 83 -1 0 0
139 83 -1 0 0
138 83 -1 0 0
137 83 -1 0 0
136 83 -1 0 0
145 82 -1 0 0
144 82 -1 0 0
143 82 -1 0 0
142 82 -1 0 0
141 82 -1 0 0
140 82 -1 0 0
139 82 -1 0 0
138 82 -1 0 0
137 82 -1 0 0
145 81 -1 0 0
144 81 -1 0 0
143 81 -1 0 0
142 81 -1 0 0
141 81 -1 0 0
140 81 -1 0 0
139 81 -1 0 0
138 81 -1 0 0
137 81 -1 0 0
145 80 -1 0 0
144 80 -1 0 0
143 80 -1 0 0
142 80 -1 0 0
141 80 -1 0 0
140 80 -1 0 0
139 80 -1 0 0
138 80 -1 0 0
137 80 -1 0 0
144 79 -1 0 0
143 79 -1 0 0
142 79 -1 0 0
141 79 -1 0 0
140 79 -1 0 0
139 79 -1 0 0
138 79 -1 0 0
141 78 -1 0 0
