487 240 240
161 167 -1 0 0
164 166 -1 0 0
163 166 -1 0 0
162 166 -1 0 0
161 166 -1 0 0
160 166 -1 0 0
159 166 -1 0 0
158 166 -1 0 0
165 165 -1 0 0
164 165 -1 0 0
163 165 -1 0 0
162 165 -1 0 0
161 165 -1 0 0
160 165 -1 0 0
159 165 -1 0 0
158 165 -1 0 0
157 165 -1 0 0
165 164 -1 0 0
164 164 -1 0 0
163 164 -1 0 0
162 164 -1 0 0
161 164 -1 0 0
160 164 -1 0 0
159 164 -1 0 0
158 164 -1 0 0
157 164 -1 0 0
165 163 -1 0 0
164 163 -1 0 0
163 163 -1 0 0
162 163 -1 0 0
161 163 -1 0 0
160 163 -1 0 0
159 163 -1 0 0
158 163 -1 0 0
157 163 -1 0 0
166 162 -1 0 0
165 162 -1 0 0
164 162 -1 0 0
163 162 -1 0 0
162 162 -1 0 0
161 162 -1 0 0
160 162 -1 0 0
159 162 -1 0 0
158 162 -1 0 0
157 162 -1 0 0
156 162 -1 0 0
165 161 -1 0 0
164 161 -1 0 0
163 161 -1 0 0
162 161 -1 0 0
161 161 -1 0 0
160 161 -1 0 0
159 161 -1 0 0
158 161 -1 0 0
157 161 -1 0 0
165 160 -1 0 0
164 160 -1 0 0
163 160 -1 0 0
162 160 -1 0 0
161 160 -1 0 0
160 160 -1 0 0
159 160 -1 0 0
158 160 -1 0 0
157 160 -1 0 0
165 159 -1 0 0
164 159 -1 0 0
163 159 -1 0 0
162 159 -1 0 0
161 159 -1 0 0
160 159 -1 0 0
159 159 -1 0 0
158 159 -1 0 0
157 159 -1 0 0
164 158 -1 0 0
163 158 -1 0 0
162 158 -1 0 0
161 158 -1 0 0
160 158 -1 0 0
159 158 -1 0 0
158 158 -1 0 0
161 157 -1 0 0
132 157 -1 1 0
135 156 -1 1 0
134 156 -1 1 0
133 156 -1 1 0
132 156 -1 1 0
131 156 -1 1 0
130 156 -1 1 0
129 156 -1 1 0
136 155 -1 1 0
135 155 -1 1 0
134 155 -1 1 0
133 155 -1 1 0
132 155 -1 1 0
131 155 -1 1 0
130 155 -1 1 0
129 155 -1 1 0
128 155 -1 1 0
136 154 -1 1 0
135 154 -1 1 0
134 154 -1 1 0
133 154 -1 1 0
132 154 -1 1 0
131 154 -1 1 0
130 154 -1 1 0
129 154 -1 1 0
128 154 -1 1 0
145 153 -1 1 0
136 153 -1 1 0
135 153 -1 1 0
134 153 -1 1 0
133 153 -1 1 0
132 153 -1 1 0
131 153 -1 1 0
130 153 -1 1 0
129 153 -1 1 0
128 153 -1 1 0
148 152 -1 1 0
147 152 -1 1 0
146 152 -1 1 0
145 152 -1 1 0
144 152 -1 1 0
143 152 -1 1 0
142 152 -1 1 0
137 152 -1 1 0
136 152 -1 1 0
135 152 -1 1 0
134 152 -1 1 0
133 152 -1 1 0
132 152 -1 1 0
131 152 -1 1 0
130 152 -1 1 0
129 152 -1 1 0
128 152 -1 1 0
127 152 -1 1 0
149 151 -1 1 0
148 151 -1 1 0
147 151 -1 1 0
146 151 -1 1 0
145 151 -1 1 0
144 151 -1 1 0
143 151 -1 1 0
142 151 -1 1 0
141 151 -1 1 0
136 151 -1 1 0
135 151 -1 1 0
134 151 -1 1 0
133 151 -1 1 0
132 151 -1 1 0
131 151 -1 1 0
130 151 -1 1 0
129 151 -1 1 0
128 151 -1 1 0
149 150 -1 1 0
148 150 -1 1 0
147 150 -1 1 0
146 150 -1 1 0
145 150 -1 1 0
144 150 -1 1 0
143 150 -1 1 0
142 150 -1 1 0
141 150 -1 1 0
136 150 -1 1 0
135 150 -1 1 0
134 150 -1 1 0
133 150 -1 1 0
132 150 -1 1 0
131 150 -1 1 0
130 150 -1 1 0
129 150 -1 1 0
128 150 -1 1 0
149 149 -1 1 0
148 149 -1 1 0
147 149 -1 1 0
146 149 -1 1 0
145 149 -1 1 0
144 149 -1 1 0
143 149 -1 1 0
142 149 -1 1 0
141 149 -1 1 0
136 149 -1 1 0
135 149 -1 1 0
134 149 -1 1 0
133 149 -1 1 0
132 149 -1 1 0
131 149 -1 1 0
130 149 -1 1 0
129 149 -1 1 0
128 149 -1 1 0
150 148 -1 1 0
149 148 -1 1 0
148 148 -1 1 0
147 148 -1 1 0
146 148 -1 1 0
145 148 -1 1 0
144 148 -1 1 0
143 148 -1 1 0
142 148 -1 1 0
141 148 -1 1 0
140 148 -1 1 0
135 148 -1 1 0
134 148 -1 1 0
133 148 -1 1 0
132 148 -1 1 0
131 148 -1 1 0
130 148 -1 1 0
129 148 -1 1 0
149 147 -1 1 0
148 147 -1 1 0
147 147 -1 1 0
146 147 -1 1 0
145 147 -1 1 0
144 147 -1 1 0
143 147 -1 1 0
142 147 -1 1 0
141 147 -1 1 0
132 147 -1 1 0
149 146 -1 1 0
148 146 -1 1 0
147 146 -1 1 0
146 146 -1 1 0
145 146 -1 1 0
144 146 -1 1 0
143 146 -1 1 0
142 146 -1 1 0
141 146 -1 1 0
149 145 -1 1 0
148 145 -1 1 0
147 145 -1 1 0
146 145 -1 1 0
145 145 -1 1 0
144 145 -1 1 0
143 145 -1 1 0
142 145 -1 1 0
141 145 -1 1 0
148 144 -1 1 0
147 144 -1 1 0
146 144 -1 1 0
145 144 -1 1 0
144 144 -1 1 0
143 144 -1 1 0
142 144 -1 1 0
135 144 -1 1 0
145 143 -1 1 0
142 143 -1 0 0
138 143 -1 1 0
137 143 -1 1 0
136 143 -1 1 0
135 143 -1 1 0
134 143 -1 1 0
133 143 -1 1 0
132 143 -1 1 0
139 142 -1 1 0
138 142 -1 1 0
137 142 -1 1 0
136 142 -1 1 0
135 142 -1 1 0
134 142 -1 1 0
133 142 -1 1 0
132 142 -1 1 0
131 142 -1 1 0
139 141 -1 1 0
138 141 -1 1 0
137 141 -1 1 0
136 141 -1 1 0
135 141 -1 1 0
134 141 -1 1 0
133 141 -1 1 0
132 141 -1 1 0
131 141 -1 1 0
139 140 -1 1 0
138 140 -1 1 0
137 140 -1 1 0
136 140 -1 1 0
135 140 -1 1 0
134 140 -1 1 0
133 140 -1 1 0
132 140 -1 1 0
131 140 -1 1 0
140 139 -1 1 0
139 139 -1 1 0
138 139 -1 1 0
137 139 -1 1 0
136 139 -1 1 0
135 139 -1 1 0
134 139 -1 1 0
133 139 -1 1 0
132 139 -1 1 0
131 139 -1 1 0
130 139 -1 1 0
139 138 -1 1 0
138 138 -1 1 0
137 138 -1 1 0
136 138 -1 1 0
135 138 -1 1 0
134 138 -1 1 0
133 138 -1 1 0
132 138 -1 1 0
131 138 -1 1 0
139 137 -1 1 0
138 137 -1 1 0
137 137 -1 1 0
136 137 -1 1 0
135 137 -1 1 0
134 137 -1 1 0
133 137 -1 1 0
132 137 -1 1 0
131 137 -1 1 0
139 136 -1 1 0
138 136 -1 1 0
137 136 -1 1 0
136 136 -1 1 0
135 136 -1 1 0
134 136 -1 1 0
133 136 -1 1 0
132 136 -1 1 0
131 136 -1 1 0
138 135 -1 1 0
137 135 -1 1 0
136 135 -1 1 0
135 135 -1 1 0
134 135 -1 1 0
133 135 -1 1 0
132 135 -1 1 0
135 134 -1 1 0
97 126 -1 0 0
100 125 -1 0 0
99 125 -1 0 0
98 125 -1 0 0
97 125 -1 0 0
96 125 -1 0 0
95 125 -1 0 0
94 125 -1 0 0
101 124 -1 0 0
100 124 -1 0 0
99 124 -1 0 0
98 124 -1 0 0
97 124 -1 0 0
96 124 -1 0 0
95 124 -1 0 0
94 124 -1 0 0
93 124 -1 0 0
101 123 -1 0 0
100 123 -1 0 0
99 123 -1 0 0
98 123 -1 0 0
97 123 -1 0 0
96 123 -1 0 0
95 123 -1 0 0
94 123 -1 0 0
93 123 -1 0 0
101 122 -1 0 0
100 122 -1 0 0
99 122 -1 0 0
98 122 -1 0 0
97 122 -1 0 0
96 122 -1 0 0
95 122 -1 0 0
94 122 -1 0 0
93 122 -1 0 0
102 121 -1 0 0
101 121 -1 0 0
100 121 -1 0 0
99 121 -1 0 0
98 121 -1 0 0
97 121 -1 0 0
96 121 -1 0 0
95 121 -1 0 0
94 121 -1 0 0
93 121 -1 0 0
92 121 -1 0 0
101 120 -1 0 0
100 120 -1 0 0
99 120 -1 0 0
98 120 -1 0 0
97 120 -1 0 0
96 120 -1 0 0
95 120 -1 0 0
94 120 -1 0 0
93 120 -1 0 0
101 119 -1 0 0
100 119 -1 0 0
99 119 -1 0 0
98 119 -1 0 0
97 119 -1 0 0
96 119 -1 0 0
95 119 -1 0 0
94 119 -1 0 0
93 119 -1 0 0
101 118 -1 0 0
100 118 -1 0 0
99 118 -1 0 0
98 118 -1 0 0
97 118 -1 0 0
96 118 -1 0 0
95 118 -1 0 0
94 118 -1 0 0
93 118 -1 0 0
100 117 -1 0 0
99 117 -1 0 0
98 117 -1 0 0
97 117 -1 0 0
96 117 -1 0 0
95 117 -1 0 0
94 117 -1 0 0
97 116 -1 0 0
107 84 -1 0 0
110 83 -1 0 0
109 83 -1 0 0
108 83 -1 0 0
107 83 -1 0 0
106 83 -1 0 0
105 83 -1 0 0
104 83 -1 0 0
111 82 -1 0 0
110 82 -1 0 0
109 82 -1 0 0
108 82 -1 0 0
107 82 -1 0 0
106 82 -1 0 0
105 82 -1 0 0
104 82 -1 0 0
103 82 -1 0 0
111 81 -1 0 0
110 81 -1 0 0
109 81 -1 0 0
108 81 -1 0 0
107 81 -1 0 0
106 81 -1 0 0
105 81 -1 0 0
104 81 -1 0 0
103 81 -1 0 0
111 80 -1 0 0
110 80 -1 0 0
109 80 -1 0 0
108 80 -1 0 0
107 80 -1 0 0
106 80 -1 0 0
105 80 -1 0 0
104 80 -1 0 0
103 80 -1 0 0
112 79 -1 0 0
111 79 -1 0 0
110 79 -1 0 0
109 79 -1 0 0
108 79 -1 0 0
107 79 -1 0 0
106 79 -1 0 0
105 79 -1 0 0
104 79 -1 0 0
103 79 -1 0 0
102 79 -1 0 0
111 78 -1 0 0
110 78 -1 0 0
109 78 -1 0 0
108 78 -1 0 0
107 78 -1 0 0
106 78 -1 0 0
105 78 -1 0 0
104 78 -1 0 0
103 78 -1 0 0
111 77 -1 0 0
110 77 -1 0 0
109 77 -1 0 0
108 77 -1 0 0
107 77 -1 0 0
106 77 -1 0 0
105 77 -1 0 0
104 77 -1 0 0
103 77 -1 0 0
111 76 -1 0 0
110 76 -1 0 0
109 76 -1 0 0
108 76 -1 0 0
107 76 -1 0 0
106 76 -1 0 0
105 76 -1 0 0
104 76 -1 0 0
103 76 -1 0 0
110 75 -1 0 0
109 75 -1 0 0
108 75 -1 0 0
107 75 -1 0 0
106 75 -1 0 0
105 75 -1 0 0
104 75 -1 0 0
107 74 -1 0 0
