1377 400 400
190 390 -1 0 0
193 389 -1 0 0
192 389 -1 0 0
191 389 -1 0 0
190 389 -1 0 0
189 389 -1 0 0
188 389 -1 0 0
187 389 -1 0 0
194 388 -1 0 0
193 388 -1 0 0
192 388 -1 0 0
191 388 -1 0 0
190 388 -1 0 0
189 388 -1 0 0
188 388 -1 0 0
187 388 -1 0 0
186 388 -1 0 0
194 387 -1 0 0
193 387 -1 0 0
192 387 -1 0 0
191 387 -1 0 0
190 387 -1 0 0
189 387 -1 0 0
188 387 -1 0 0
187 387 -1 0 0
186 387 -1 0 0
194 386 -1 0 0
193 386 -1 0 0
192 386 -1 0 0
191 386 -1 0 0
190 386 -1 0 0
189 386 -1 0 0
188 386 -1 0 0
187 386 -1 0 0
186 386 -1 0 0
195 385 -1 0 0
194 385 -1 0 0
193 385 -1 0 0
192 385 -1 0 0
191 385 -1 0 0
190 385 -1 0 0
189 385 -1 0 0
188 385 -1 0 0
187 385 -1 0 0
186 385 -1 0 0
185 385 -1 0 0
194 384 -1 0 0
193 384 -1 0 0
192 384 -1 0 0
191 384 -1 0 0
190 384 -1 0 0
189 384 -1 0 0
188 384 -1 0 0
187 384 -1 0 0
186 384 -1 0 0
194 383 -1 0 0
193 383 -1 0 0
192 383 -1 0 0
191 383 -1 0 0
190 383 -1 0 0
189 383 -1 0 0
188 383 -1 0 0
187 383 -1 0 0
186 383 -1 0 0
194 382 -1 0 0
193 382 -1 0 0
192 382 -1 0 0
191 382 -1 0 0
190 382 -1 0 0
189 382 -1 0 0
188 382 -1 0 0
187 382 -1 0 0
186 382 -1 0 0
193 381 -1 0 0
192 381 -1 0 0
191 381 -1 0 0
190 381 -1 0 0
189 381 -1 0 0
188 381 -1 0 0
187 381 -1 0 0
190 380 -1 0 0
389 358 -1 0 0
392 357 -1 0 0
391 357 -1 0 0
390 357 -1 0 0
389 357 -1 0 0
388 357 -1 0 0
387 357 -1 0 0
386 357 -1 0 0
393 356 -1 0 0
392 356 -1 0 0
391 356 -1 0 0
390 356 -1 0 0
389 356 -1 0 0
388 356 -1 0 0
387 356 -1 0 0
386 356 -1 0 0
385 356 -1 0 0
393 355 -1 0 0
392 355 -1 0 0
391 355 -1 0 0
390 355 -1 0 0
389 355 -1 0 0
388 355 -1 0 0
387 355 -1 0 0
386 355 -1 0 0
385 355 -1 0 0
393 354 -1 0 0
392 354 -1 0 0
391 354 -1 0 0
390 354 -1 0 0
389 354 -1 0 0
388 354 -1 0 0
387 354 -1 0 0
386 354 -1 0 0
385 354 -1 0 0
394 353 -1 0 0
393 353 -1 0 0
392 353 -1 0 0
391 353 -1 0 0
390 353 -1 0 0
389 353 -1 0 0
388 353 -1 0 0
387 353 -1 0 0
386 353 -1 0 0
385 353 -1 0 0
384 353 -1 0 0
393 352 -1 0 0
392 352 -1 0 0
391 352 -1 0 0
390 352 -1 0 0
389 352 -1 0 0
388 352 -1 0 0
387 352 -1 0 0
386 352 -1 0 0
385 352 -1 0 0
393 351 -1 0 0
392 351 -1 0 0
391 351 -1 0 0
390 351 -1 0 0
389 351 -1 0 0
388 351 -1 0 0
387 351 -1 0 0
386 351 -1 0 0
385 351 -1 0 0
393 350 -1 0 0
392 350 -1 0 0
391 350 -1 0 0
390 350 -1 0 0
389 350 -1 0 0
388 350 -1 0 0
387 350 -1 0 0
386 350 -1 0 0
385 350 -1 0 0
392 349 -1 0 0
391 349 -1 0 0
390 349 -1 0 0
389 349 -1 0 0
388 349 -1 0 0
387 349 -1 0 0
386 349 -1 0 0
389 348 -1 0 0
151 305 -1 1 0
154 304 -1 1 0
153 304 -1 1 0
152 304 -1 1 0
151 304 -1 1 0
150 304 -1 1 0
149 304 -1 1 0
148 304 -1 1 0
155 303 -1 1 0
154 303 -1 1 0
153 303 -1 1 0
152 303 -1 1 0
151 303 -1 1 0
150 303 -1 1 0
149 303 -1 1 0
148 303 -1 1 0
147 303 -1 1 0
155 302 -1 1 0
154 302 -1 1 0
153 302 -1 1 0
152 302 -1 1 0
151 302 -1 1 0
150 302 -1 1 0
149 302 -1 1 0
148 302 -1 1 0
147 302 -1 1 0
155 301 -1 1 0
154 301 -1 1 0
153 301 -1 1 0
152 301 -1 1 0
151 301 -1 1 0
150 301 -1 1 0
149 301 -1 1 0
148 301 -1 1 0
147 301 -1 1 0
156 300 -1 1 0
155 300 -1 1 0
154 300 -1 1 0
153 300 -1 1 0
152 300 -1 1 0
151 300 -1 1 0
150 300 -1 1 0
149 300 -1 1 0
148 300 -1 1 0
147 300 -1 1 0
146 300 -1 1 0
155 299 -1 1 0
154 299 -1 1 0
153 299 -1 1 0
152 299 -1 1 0
151 299 -1 1 0
150 299 -1 1 0
149 299 -1 1 0
148 299 -1 1 0
147 299 -1 1 0
155 298 -1 1 0
154 298 -1 1 0
153 298 -1 1 0
152 298 -1 1 0
151 298 -1 1 0
150 298 -1 1 0
149 298 -1 1 0
148 298 -1 1 0
147 298 -1 1 0
41 298 -1 0 0
155 297 -1 1 0
154 297 -1 1 0
153 297 -1 1 0
152 297 -1 1 0
151 297 -1 1 0
150 297 -1 1 0
149 297 -1 1 0
148 297 -1 1 0
147 297 -1 1 0
44 297 -1 0 0
43 297 -1 0 0
42 297 -1 0 0
41 297 -1 0 0
40 297 -1 0 0
39 297 -1 0 0
38 297 -1 0 0
154 296 -1 1 0
153 296 -1 1 0
152 296 -1 1 0
151 296 -1 1 0
150 296 -1 1 0
149 296 -1 1 0
148 296 -1 1 0
45 296 -1 0 0
44 296 -1 0 0
43 296 -1 0 0
42 296 -1 0 0
41 296 -1 0 0
40 296 -1 0 0
39 296 -1 0 0
38 296 -1 0 0
37 296 -1 0 0
151 295 -1 1 0
45 295 -1 0 0
44 295 -1 0 0
43 295 -1 0 0
42 295 -1 0 0
41 295 -1 0 0
40 295 -1 0 0
39 295 -1 0 0
38 295 -1 0 0
37 295 -1 0 0
45 294 -1 0 0
44 294 -1 0 0
43 294 -1 0 0
42 294 -1 0 0
41 294 -1 0 0
40 294 -1 0 0
39 294 -1 0 0
38 294 -1 0 0
37 294 -1 0 0
46 293 -1 0 0
45 293 -1 0 0
44 293 -1 0 0
43 293 -1 0 0
42 293 -1 0 0
41 293 -1 0 0
40 293 -1 0 0
39 293 -1 0 0
38 293 -1 0 0
37 293 -1 0 0
36 293 -1 0 0
45 292 -1 0 0
44 292 -1 0 0
43 292 -1 0 0
42 292 -1 0 0
41 292 -1 0 0
40 292 -1 0 0
39 292 -1 0 0
38 292 -1 0 0
37 292 -1 0 0
45 291 -1 0 0
44 291 -1 0 0
43 291 -1 0 0
42 291 -1 0 0
41 291 -1 0 0
40 291 -1 0 0
39 291 -1 0 0
38 291 -1 0 0
37 291 -1 0 0
45 290 -1 0 0
44 290 -1 0 0
43 290 -1 0 0
42 290 -1 0 0
41 290 -1 0 0
40 290 -1 0 0
39 290 -1 0 0
38 290 -1 0 0
37 290 -1 0 0
176 289 -1 1 0
44 289 -1 0 0
43 289 -1 0 0
42 289 -1 0 0
41 289 -1 0 0
40 289 -1 0 0
39 289 -1 0 0
38 289 -1 0 0
179 288 -1 1 0
178 288 -1 1 0
177 288 -1 1 0
176 288 -1 1 0
175 288 -1 1 0
174 288 -1 1 0
173 288 -1 1 0
41 288 -1 0 0
180 287 -1 1 0
179 287 -1 1 0
178 287 -1 1 0
177 287 -1 1 0
176 287 -1 1 0
175 287 -1 1 0
174 287 -1 1 0
173 287 -1 1 0
172 287 -1 1 0
180 286 -1 1 0
179 286 -1 1 0
178 286 -1 1 0
177 286 -1 1 0
176 286 -1 1 0
175 286 -1 1 0
174 286 -1 1 0
173 286 -1 1 0
172 286 -1 1 0
180 285 -1 1 0
179 285 -1 1 0
178 285 -1 1 0
177 285 -1 1 0
176 285 -1 1 0
175 285 -1 1 0
174 285 -1 1 0
173 285 -1 1 0
172 285 -1 1 0
181 284 -1 1 0
180 284 -1 1 0
179 284 -1 1 0
178 284 -1 1 0
177 284 -1 1 0
176 284 -1 1 0
175 284 -1 1 0
174 284 -1 1 0
173 284 -1 1 0
172 284 -1 1 0
171 284 -1 1 0
180 283 -1 1 0
179 283 -1 1 0
178 283 -1 1 0
177 283 -1 1 0
176 283 -1 1 0
175 283 -1 1 0
174 283 -1 1 0
173 283 -1 1 0
172 283 -1 1 0
180 282 -1 1 0
179 282 -1 1 0
178 282 -1 1 0
177 282 -1 1 0
176 282 -1 1 0
175 282 -1 1 0
174 282 -1 1 0
173 282 -1 1 0
172 282 -1 1 0
180 281 -1 1 0
179 281 -1 1 0
178 281 -1 1 0
177 281 -1 1 0
176 281 -1 1 0
175 281 -1 1 0
174 281 -1 1 0
173 281 -1 1 0
172 281 -1 1 0
151 281 -1 1 0
179 280 -1 1 0
178 280 -1 1 0
177 280 -1 1 0
176 280 -1 1 0
175 280 -1 1 0
174 280 -1 1 0
173 280 -1 1 0
154 280 -1 1 0
153 280 -1 1 0
152 280 -1 1 0
151 280 -1 1 0
150 280 -1 1 0
149 280 -1 1 0
148 280 -1 1 0
176 279 -1 1 0
155 279 -1 1 0
154 279 -1 1 0
153 279 -1 1 0
152 279 -1 1 0
151 279 -1 1 0
150 279 -1 1 0
149 279 -1 1 0
148 279 -1 1 0
147 279 -1 1 0
155 278 -1 1 0
154 278 -1 1 0
153 278 -1 1 0
152 278 -1 1 0
151 278 -1 1 0
150 278 -1 1 0
149 278 -1 1 0
148 278 -1 1 0
147 278 -1 1 0
155 277 -1 1 0
154 277 -1 1 0
153 277 -1 1 0
152 277 -1 1 0
151 277 -1 1 0
150 277 -1 1 0
149 277 -1 1 0
148 277 -1 1 0
147 277 -1 1 0
156 276 -1 1 0
155 276 -1 1 0
154 276 -1 1 0
153 276 -1 1 0
152 276 -1 1 0
151 276 -1 1 0
150 276 -1 1 0
149 276 -1 1 0
148 276 -1 1 0
147 276 -1 1 0
146 276 -1 1 0
155 275 -1 1 0
154 275 -1 1 0
153 275 -1 1 0
152 275 -1 1 0
151 275 -1 1 0
150 275 -1 1 0
149 275 -1 1 0
148 275 -1 1 0
147 275 -1 1 0
155 274 -1 1 0
154 274 -1 1 0
153 274 -1 1 0
152 274 -1 1 0
151 274 -1 1 0
150 274 -1 1 0
149 274 -1 1 0
148 274 -1 1 0
147 274 -1 1 0
155 273 -1 1 0
154 273 -1 1 0
153 273 -1 1 0
152 273 -1 1 0
151 273 -1 1 0
150 273 -1 1 0
149 273 -1 1 0
148 273 -1 1 0
147 273 -1 1 0
167 272 -1 1 0
154 272 -1 1 0
153 272 -1 1 0
152 272 -1 1 0
151 272 -1 1 0
150 272 -1 1 0
149 272 -1 1 0
148 272 -1 1 0
170 271 -1 1 0
169 271 -1 1 0
168 271 -1 1 0
167 271 -1 1 0
166 271 -1 1 0
165 271 -1 1 0
164 271 -1 1 0
151 271 -1 1 0
171 270 -1 1 0
170 270 -1 1 0
169 270 -1 1 0
168 270 -1 1 0
167 270 -1 1 0
166 270 -1 1 0
165 270 -1 1 0
164 270 -1 1 0
163 270 -1 1 0
171 269 -1 1 0
170 269 -1 1 0
169 269 -1 1 0
168 269 -1 1 0
167 269 -1 1 0
166 269 -1 1 0
165 269 -1 1 0
164 269 -1 1 0
163 269 -1 1 0
171 268 -1 1 0
170 268 -1 1 0
169 268 -1 1 0
168 268 -1 1 0
167 268 -1 1 0
166 268 -1 1 0
165 268 -1 1 0
164 268 -1 1 0
163 268 -1 1 0
172 267 -1 1 0
171 267 -1 1 0
170 267 -1 1 0
169 267 -1 1 0
168 267 -1 1 0
167 267 -1 1 0
166 267 -1 1 0
165 267 -1 1 0
164 267 -1 1 0
163 267 -1 1 0
162 267 -1 1 0
171 266 -1 1 0
170 266 -1 1 0
169 266 -1 1 0
168 266 -1 1 0
167 266 -1 1 0
166 266 -1 1 0
165 266 -1 1 0
164 266 -1 1 0
163 266 -1 1 0
171 265 -1 1 0
170 265 -1 1 0
169 265 -1 1 0
168 265 -1 1 0
167 265 -1 1 0
166 265 -1 1 0
165 265 -1 1 0
164 265 -1 1 0
163 265 -1 1 0
171 264 -1 1 0
170 264 -1 1 0
169 264 -1 1 0
168 264 -1 1 0
167 264 -1 1 0
166 264 -1 1 0
165 264 -1 1 0
164 264 -1 1 0
163 264 -1 1 0
170 263 -1 1 0
169 263 -1 1 0
168 263 -1 1 0
167 263 -1 1 0
166 263 -1 1 0
165 263 -1 1 0
164 263 -1 1 0
199 262 -1 1 0
167 262 -1 1 0
202 261 -1 1 0
201 261 -1 1 0
200 261 -1 1 0
199 261 -1 1 0
198 261 -1 1 0
197 261 -1 1 0
196 261 -1 1 0
203 260 -1 1 0
202 260 -1 1 0
201 260 -1 1 0
200 260 -1 1 0
199 260 -1 1 0
198 260 -1 1 0
197 260 -1 1 0
196 260 -1 1 0
195 260 -1 1 0
179 260 -1 1 0
203 259 -1 1 0
202 259 -1 1 0
201 259 -1 1 0
200 259 -1 1 0
199 259 -1 1 0
198 259 -1 1 0
197 259 -1 1 0
196 259 -1 1 0
195 259 -1 1 0
182 259 -1 1 0
181 259 -1 1 0
180 259 -1 1 0
179 259 -1 1 0
178 259 -1 1 0
177 259 -1 1 0
176 259 -1 1 0
203 258 -1 1 0
202 258 -1 1 0
201 258 -1 1 0
200 258 -1 1 0
199 258 -1 1 0
198 258 -1 1 0
197 258 -1 1 0
196 258 -1 1 0
195 258 -1 1 0
183 258 -1 1 0
182 258 -1 1 0
181 258 -1 1 0
180 258 -1 1 0
179 258 -1 1 0
178 258 -1 1 0
177 258 -1 1 0
176 258 -1 1 0
175 258 -1 1 0
204 257 -1 1 0
203 257 -1 1 0
202 257 -1 1 0
201 257 -1 1 0
200 257 -1 1 0
199 257 -1 1 0
198 257 -1 1 0
197 257 -1 1 0
196 257 -1 1 0
195 257 -1 1 0
194 257 -1 1 0
183 257 -1 1 0
182 257 -1 1 0
181 257 -1 1 0
180 257 -1 1 0
179 257 -1 1 0
178 257 -1 1 0
177 257 -1 1 0
176 257 -1 1 0
175 257 -1 1 0
203 256 -1 1 0
202 256 -1 1 0
201 256 -1 1 0
200 256 -1 1 0
199 256 -1 1 0
198 256 -1 1 0
197 256 -1 1 0
196 256 -1 1 0
195 256 -1 1 0
183 256 -1 1 0
182 256 -1 1 0
181 256 -1 1 0
180 256 -1 1 0
179 256 -1 1 0
178 256 -1 1 0
177 256 -1 1 0
176 256 -1 1 0
175 256 -1 1 0
203 255 -1 1 0
202 255 -1 1 0
201 255 -1 1 0
200 255 -1 1 0
199 255 -1 1 0
198 255 -1 1 0
197 255 -1 1 0
196 255 -1 1 0
195 255 -1 1 0
184 255 -1 1 0
183 255 -1 1 0
182 255 -1 1 0
181 255 -1 1 0
180 255 -1 1 0
179 255 -1 1 0
178 255 -1 1 0
177 255 -1 1 0
176 255 -1 1 0
175 255 -1 1 0
174 255 -1 1 0
203 254 -1 1 0
202 254 -1 1 0
201 254 -1 1 0
200 254 -1 1 0
199 254 -1 1 0
198 254 -1 1 0
197 254 -1 1 0
196 254 -1 1 0
195 254 -1 1 0
183 254 -1 1 0
182 254 -1 1 0
181 254 -1 1 0
180 254 -1 1 0
179 254 -1 1 0
178 254 -1 1 0
177 254 -1 1 0
176 254 -1 1 0
175 254 -1 1 0
202 253 -1 1 0
201 253 -1 1 0
200 253 -1 1 0
199 253 -1 1 0
198 253 -1 1 0
197 253 -1 1 0
196 253 -1 1 0
183 253 -1 1 0
182 253 -1 1 0
181 253 -1 1 0
180 253 -1 1 0
179 253 -1 1 0
178 253 -1 1 0
177 253 -1 1 0
176 253 -1 1 0
175 253 -1 1 0
199 252 -1 1 0
183 252 -1 1 0
182 252 -1 1 0
181 252 -1 1 0
180 252 -1 1 0
179 252 -1 1 0
178 252 -1 1 0
177 252 -1 1 0
176 252 -1 1 0
175 252 -1 1 0
182 251 -1 1 0
181 251 -1 1 0
180 251 -1 1 0
179 251 -1 1 0
178 251 -1 1 0
177 251 -1 1 0
176 251 -1 1 0
179 250 -1 1 0
189 246 -1 1 0
192 245 -1 1 0
191 245 -1 1 0
190 245 -1 1 0
189 245 -1 1 0
188 245 -1 1 0
187 245 -1 1 0
186 245 -1 1 0
193 244 -1 1 0
192 244 -1 1 0
191 244 -1 1 0
190 244 -1 1 0
189 244 -1 1 0
188 244 -1 1 0
187 244 -1 1 0
186 244 -1 1 0
185 244 -1 1 0
304 243 -1 0 0
193 243 -1 1 0
192 243 -1 1 0
191 243 -1 1 0
190 243 -1 1 0
189 243 -1 1 0
188 243 -1 1 0
187 243 -1 1 0
186 243 -1 1 0
185 243 -1 1 0
307 242 -1 0 0
306 242 -1 0 0
305 242 -1 0 0
304 242 -1 0 0
303 242 -1 0 0
302 242 -1 0 0
301 242 -1 0 0
202 242 -1 1 0
193 242 -1 1 0
192 242 -1 1 0
191 242 -1 1 0
190 242 -1 1 0
189 242 -1 1 0
188 242 -1 1 0
187 242 -1 1 0
186 242 -1 1 0
185 242 -1 1 0
308 241 -1 0 0
307 241 -1 0 0
306 241 -1 0 0
305 241 -1 0 0
304 241 -1 0 0
303 241 -1 0 0
302 241 -1 0 0
301 241 -1 0 0
300 241 -1 0 0
205 241 -1 1 0
204 241 -1 1 0
203 241 -1 1 0
202 241 -1 1 0
201 241 -1 1 0
200 241 -1 1 0
199 241 -1 1 0
194 241 -1 1 0
193 241 -1 1 0
192 241 -1 1 0
191 241 -1 1 0
190 241 -1 1 0
189 241 -1 1 0
188 241 -1 1 0
187 241 -1 1 0
186 241 -1 1 0
185 241 -1 1 0
184 241 -1 1 0
308 240 -1 0 0
307 240 -1 0 0
306 240 -1 0 0
305 240 -1 0 0
304 240 -1 0 0
303 240 -1 0 0
302 240 -1 0 0
301 240 -1 0 0
300 240 -1 0 0
206 240 -1 1 0
205 240 -1 1 0
204 240 -1 1 0
203 240 -1 1 0
202 240 -1 1 0
201 240 -1 1 0
200 240 -1 1 0
199 240 -1 1 0
198 240 -1 1 0
193 240 -1 1 0
192 240 -1 1 0
191 240 -1 1 0
190 240 -1 1 0
189 240 -1 1 0
188 240 -1 1 0
187 240 -1 1 0
186 240 -1 1 0
185 240 -1 1 0
308 239 -1 0 0
307 239 -1 0 0
306 239 -1 0 0
305 239 -1 0 0
304 239 -1 0 0
303 239 -1 0 0
302 239 -1 0 0
301 239 -1 0 0
300 239 -1 0 0
206 239 -1 1 0
205 239 -1 1 0
204 239 -1 1 0
203 239 -1 1 0
202 239 -1 1 0
201 239 -1 1 0
200 239 -1 1 0
199 239 -1 1 0
198 239 -1 1 0
193 239 -1 1 0
192 239 -1 1 0
191 239 -1 1 0
190 239 -1 1 0
189 239 -1 1 0
188 239 -1 1 0
187 239 -1 1 0
186 239 -1 1 0
185 239 -1 1 0
309 238 -1 0 0
308 238 -1 0 0
307 238 -1 0 0
306 238 -1 0 0
305 238 -1 0 0
304 238 -1 0 0
303 238 -1 0 0
302 238 -1 0 0
301 238 -1 0 0
300 238 -1 0 0
299 238 -1 0 0
206 238 -1 1 0
205 238 -1 1 0
204 238 -1 1 0
203 238 -1 1 0
202 238 -1 1 0
201 238 -1 1 0
200 238 -1 1 0
199 238 -1 1 0
198 238 -1 1 0
193 238 -1 1 0
192 238 -1 1 0
191 238 -1 1 0
190 238 -1 1 0
189 238 -1 1 0
188 238 -1 1 0
187 238 -1 1 0
186 238 -1 1 0
185 238 -1 1 0
308 237 -1 0 0
307 237 -1 0 0
306 237 -1 0 0
305 237 -1 0 0
304 237 -1 0 0
303 237 -1 0 0
302 237 -1 0 0
301 237 -1 0 0
300 237 -1 0 0
207 237 -1 1 0
206 237 -1 1 0
205 237 -1 1 0
204 237 -1 1 0
203 237 -1 1 0
202 237 -1 1 0
201 237 -1 1 0
200 237 -1 1 0
199 237 -1 1 0
198 237 -1 1 0
197 237 -1 1 0
192 237 -1 1 0
191 237 -1 1 0
190 237 -1 1 0
189 237 -1 1 0
188 237 -1 1 0
187 237 -1 1 0
186 237 -1 1 0
308 236 -1 0 0
307 236 -1 0 0
306 236 -1 0 0
305 236 -1 0 0
304 236 -1 0 0
303 236 -1 0 0
302 236 -1 0 0
301 236 -1 0 0
300 236 -1 0 0
206 236 -1 1 0
205 236 -1 1 0
204 236 -1 1 0
203 236 -1 1 0
202 236 -1 1 0
201 236 -1 1 0
200 236 -1 1 0
199 236 -1 1 0
198 236 -1 1 0
189 236 -1 1 0
308 235 -1 0 0
307 235 -1 0 0
306 235 -1 0 0
305 235 -1 0 0
304 235 -1 0 0
303 235 -1 0 0
302 235 -1 0 0
301 235 -1 0 0
300 235 -1 0 0
206 235 -1 1 0
205 235 -1 1 0
204 235 -1 1 0
203 235 -1 1 0
202 235 -1 1 0
201 235 -1 1 0
200 235 -1 1 0
199 235 -1 1 0
198 235 -1 1 0
307 234 -1 0 0
306 234 -1 0 0
305 234 -1 0 0
304 234 -1 0 0
303 234 -1 0 0
302 234 -1 0 0
301 234 -1 0 0
206 234 -1 1 0
205 234 -1 1 0
204 234 -1 1 0
203 234 -1 1 0
202 234 -1 1 0
201 234 -1 1 0
200 234 -1 1 0
199 234 -1 1 0
198 234 -1 1 0
304 233 -1 0 0
205 233 -1 1 0
204 233 -1 1 0
203 233 -1 1 0
202 233 -1 1 0
201 233 -1 1 0
200 233 -1 1 0
199 233 -1 1 0
202 232 -1 1 0
199 180 -1 0 0
202 179 -1 0 0
201 179 -1 0 0
200 179 -1 0 0
199 179 -1 0 0
198 179 -1 0 0
197 179 -1 0 0
196 179 -1 0 0
203 178 -1 0 0
202 178 -1 0 0
201 178 -1 0 0
200 178 -1 0 0
199 178 -1 0 0
198 178 -1 0 0
197 178 -1 0 0
196 178 -1 0 0
195 178 -1 0 0
203 177 -1 0 0
202 177 -1 0 0
201 177 -1 0 0
200 177 -1 0 0
199 177 -1 0 0
198 177 -1 0 0
197 177 -1 0 0
196 177 -1 0 0
195 177 -1 0 0
203 176 -1 0 0
202 176 -1 0 0
201 176 -1 0 0
200 176 -1 0 0
199 176 -1 0 0
198 176 -1 0 0
197 176 -1 0 0
196 176 -1 0 0
195 176 -1 0 0
204 175 -1 0 0
203 175 -1 0 0
202 175 -1 0 0
201 175 -1 0 0
200 175 -1 0 0
199 175 -1 0 0
198 175 -1 0 0
197 175 -1 0 0
196 175 -1 0 0
195 175 -1 0 0
194 175 -1 0 0
203 174 -1 0 0
202 174 -1 0 0
201 174 -1 0 0
200 174 -1 0 0
199 174 -1 0 0
198 174 -1 0 0
197 174 -1 0 0
196 174 -1 0 0
195 174 -1 0 0
203 173 -1 0 0
202 173 -1 0 0
201 173 -1 0 0
200 173 -1 0 0
199 173 -1 0 0
198 173 -1 0 0
197 173 -1 0 0
196 173 -1 0 0
195 173 -1 0 0
203 172 -1 0 0
202 172 -1 0 0
201 172 -1 0 0
200 172 -1 0 0
199 172 -1 0 0
198 172 -1 0 0
197 172 -1 0 0
196 172 -1 0 0
195 172 -1 0 0
202 171 -1 0 0
201 171 -1 0 0
200 171 -1 0 0
199 171 -1 0 0
198 171 -1 0 0
197 171 -1 0 0
196 171 -1 0 0
199 170 -1 0 0
353 165 -1 0 0
356 164 -1 0 0
355 164 -1 0 0
354 164 -1 0 0
353 164 -1 0 0
352 164 -1 0 0
351 164 -1 0 0
350 164 -1 0 0
357 163 -1 0 0
356 163 -1 0 0
355 163 -1 0 0
354 163 -1 0 0
353 163 -1 0 0
352 163 -1 0 0
351 163 -1 0 0
350 163 -1 0 0
349 163 -1 0 0
357 162 -1 0 0
356 162 -1 0 0
355 162 -1 0 0
354 162 -1 0 0
353 162 -1 0 0
352 162 -1 0 0
351 162 -1 0 0
350 162 -1 0 0
349 162 -1 0 0
357 161 -1 0 0
356 161 -1 0 0
355 161 -1 0 0
354 161 -1 0 0
353 161 -1 0 0
352 161 -1 0 0
351 161 -1 0 0
350 161 -1 0 0
349 161 -1 0 0
358 160 -1 0 0
357 160 -1 0 0
356 160 -1 0 0
355 160 -1 0 0
354 160 -1 0 0
353 160 -1 0 0
352 160 -1 0 0
351 160 -1 0 0
350 160 -1 0 0
349 160 -1 0 0
348 160 -1 0 0
357 159 -1 0 0
356 159 -1 0 0
355 159 -1 0 0
354 159 -1 0 0
353 159 -1 0 0
352 159 -1 0 0
351 159 -1 0 0
350 159 -1 0 0
349 159 -1 0 0
357 158 -1 0 0
356 158 -1 0 0
355 158 -1 0 0
354 158 -1 0 0
353 158 -1 0 0
352 158 -1 0 0
351 158 -1 0 0
350 158 -1 0 0
349 158 -1 0 0
357 157 -1 0 0
356 157 -1 0 0
355 157 -1 0 0
354 157 -1 0 0
353 157 -1 0 0
352 157 -1 0 0
351 157 -1 0 0
350 157 -1 0 0
349 157 -1 0 0
356 156 -1 0 0
355 156 -1 0 0
354 156 -1 0 0
353 156 -1 0 0
352 156 -1 0 0
351 156 -1 0 0
350 156 -1 0 0
353 155 -1 0 0
15 135 -1 0 0
18 134 -1 0 0
17 134 -1 0 0
16 134 -1 0 0
15 134 -1 0 0
14 134 -1 0 0
13 134 -1 0 0
12 134 -1 0 0
19 133 -1 0 0
18 133 -1 0 0
17 133 -1 0 0
16 133 -1 0 0
15 133 -1 0 0
14 133 -1 0 0
13 133 -1 0 0
12 133 -1 0 0
11 133 -1 0 0
19 132 -1 0 0
18 132 -1 0 0
17 132 -1 0 0
16 132 -1 0 0
15 132 -1 0 0
14 132 -1 0 0
13 132 -1 0 0
12 132 -1 0 0
11 132 -1 0 0
19 131 -1 0 0
18 131 -1 0 0
17 131 -1 0 0
16 131 -1 0 0
15 131 -1 0 0
14 131 -1 0 0
13 131 -1 0 0
12 131 -1 0 0
11 131 -1 0 0
20 130 -1 0 0
19 130 -1 0 0
18 130 -1 0 0
17 130 -1 0 0
16 130 -1 0 0
15 130 -1 0 0
14 130 -1 0 0
13 130 -1 0 0
12 130 -1 0 0
11 130 -1 0 0
10 130 -1 0 0
19 129 -1 0 0
18 129 -1 0 0
17 129 -1 0 0
16 129 -1 0 0
15 129 -1 0 0
14 129 -1 0 0
13 129 -1 0 0
12 129 -1 0 0
11 129 -1 0 0
19 128 -1 0 0
18 128 -1 0 0
17 128 -1 0 0
16 128 -1 0 0
15 128 -1 0 0
14 128 -1 0 0
13 128 -1 0 0
12 128 -1 0 0
11 128 -1 0 0
19 127 -1 0 0
18 127 -1 0 0
17 127 -1 0 0
16 127 -1 0 0
15 127 -1 0 0
14 127 -1 0 0
13 127 -1 0 0
12 127 -1 0 0
11 127 -1 0 0
18 126 -1 0 0
17 126 -1 0 0
16 126 -1 0 0
15 126 -1 0 0
14 126 -1 0 0
13 126 -1 0 0
12 126 -1 0 0
15 125 -1 0 0
237 89 -1 0 0
240 88 -1 0 0
239 88 -1 0 0
238 88 -1 0 0
237 88 -1 0 0
236 88 -1 0 0
235 88 -1 0 0
234 88 -1 0 0
241 87 -1 0 0
240 87 -1 0 0
239 87 -1 0 0
238 87 -1 0 0
237 87 -1 0 0
236 87 -1 0 0
235 87 -1 0 0
234 87 -1 0 0
233 87 -1 0 0
241 86 -1 0 0
240 86 -1 0 0
239 86 -1 0 0
238 86 -1 0 0
237 86 -1 0 0
236 86 -1 0 0
235 86 -1 0 0
234 86 -1 0 0
233 86 -1 0 0
241 85 -1 0 0
240 85 -1 0 0
239 85 -1 0 0
238 85 -1 0 0
237 85 -1 0 0
236 85 -1 0 0
235 85 -1 0 0
234 85 -1 0 0
233 85 -1 0 0
242 84 -1 0 0
241 84 -1 0 0
240 84 -1 0 0
239 84 -1 0 0
238 84 -1 0 0
237 84 -1 0 0
236 84 -1 0 0
235 84 -1 0 0
234 84 -1 0 0
233 84 -1 0 0
232 84 -1 0 0
241 83 -1 0 0
240 83 -1 0 0
239 83 -1 0 0
238 83 -1 0 0
237 83 -1 0 0
236 83 -1 0 0
235 83 -1 0 0
234 83 -1 0 0
233 83 -1 0 0
241 82 -1 0 0
240 82 -1 0 0
239 82 -1 0 0
238 82 -1 0 0
237 82 -1 0 0
236 82 -1 0 0
235 82 -1 0 0
234 82 -1 0 0
233 82 -1 0 0
241 81 -1 0 0
240 81 -1 0 0
239 81 -1 0 0
238 81 -1 0 0
237 81 -1 0 0
236 81 -1 0 0
235 81 -1 0 0
234 81 -1 0 0
233 81 -1 0 0
240 80 -1 0 0
239 80 -1 0 0
238 80 -1 0 0
237 80 -1 0 0
236 80 -1 0 0
235 80 -1 0 0
234 80 -1 0 0
237 79 -1 0 0
314 20 -1 0 0
317 19 -1 0 0
316 19 -1 0 0
315 19 -1 0 0
314 19 -1 0 0
313 19 -1 0 0
312 19 -1 0 0
311 19 -1 0 0
318 18 -1 0 0
317 18 -1 0 0
316 18 -1 0 0
315 18 -1 0 0
314 18 -1 0 0
313 18 -1 0 0
312 18 -1 0 0
311 18 -1 0 0
310 18 -1 0 0
318 17 -1 0 0
317 17 -1 0 0
316 17 -1 0 0
315 17 -1 0 0
314 17 -1 0 0
313 17 -1 0 0
312 17 -1 0 0
311 17 -1 0 0
310 17 -1 0 0
318 16 -1 0 0
317 16 -1 0 0
316 16 -1 0 0
315 16 -1 0 0
314 16 -1 0 0
313 16 -1 0 0
312 16 -1 0 0
311 16 -1 0 0
310 16 -1 0 0
319 15 -1 0 0
318 15 -1 0 0
317 15 -1 0 0
316 15 -1 0 0
315 15 -1 0 0
314 15 -1 0 0
313 15 -1 0 0
312 15 -1 0 0
311 15 -1 0 0
310 15 -1 0 0
309 15 -1 0 0
318 14 -1 0 0
317 14 -1 0 0
316 14 -1 0 0
315 14 -1 0 0
314 14 -1 0 0
313 14 -1 0 0
312 14 -1 0 0
311 14 -1 0 0
310 14 -1 0 0
318 13 -1 0 0
317 13 -1 0 0
316 13 -1 0 0
315 13 -1 0 0
314 13 -1 0 0
313 13 -1 0 0
312 13 -1 0 0
311 13 -1 0 0
310 13 -1 0 0
318 12 -1 0 0
317 12 -1 0 0
316 12 -1 0 0
315 12 -1 0 0
314 12 -1 0 0
313 12 -1 0 0
312 12 -1 0 0
311 12 -1 0 0
310 12 -1 0 0
317 11 -1 0 0
316 11 -1 0 0
315 11 -1 0 0
314 11 -1 0 0
313 11 -1 0 0
312 11 -1 0 0
311 11 -1 0 0
314 10 -1 0 0
