1377 400 400
199 372 -1 0 0
202 371 -1 0 0
201 371 -1 0 0
200 371 -1 0 0
199 371 -1 0 0
198 371 -1 0 0
197 371 -1 0 0
196 371 -1 0 0
203 370 -1 0 0
202 370 -1 0 0
201 370 -1 0 0
200 370 -1 0 0
199 370 -1 0 0
198 370 -1 0 0
197 370 -1 0 0
196 370 -1 0 0
195 370 -1 0 0
203 369 -1 0 0
202 369 -1 0 0
201 369 -1 0 0
200 369 -1 0 0
199 369 -1 0 0
198 369 -1 0 0
197 369 -1 0 0
196 369 -1 0 0
195 369 -1 0 0
203 368 -1 0 0
202 368 -1 0 0
201 368 -1 0 0
200 368 -1 0 0
199 368 -1 0 0
198 368 -1 0 0
197 368 -1 0 0
196 368 -1 0 0
195 368 -1 0 0
204 367 -1 0 0
203 367 -1 0 0
202 367 -1 0 0
201 367 -1 0 0
200 367 -1 0 0
199 367 -1 0 0
198 367 -1 0 0
197 367 -1 0 0
196 367 -1 0 0
195 367 -1 0 0
194 367 -1 0 0
203 366 -1 0 0
202 366 -1 0 0
201 366 -1 0 0
200 366 -1 0 0
199 366 -1 0 0
198 366 -1 0 0
197 366 -1 0 0
196 366 -1 0 0
195 366 -1 0 0
203 365 -1 0 0
202 365 -1 0 0
201 365 -1 0 0
200 365 -1 0 0
199 365 -1 0 0
198 365 -1 0 0
197 365 -1 0 0
196 365 -1 0 0
195 365 -1 0 0
203 364 -1 0 0
202 364 -1 0 0
201 364 -1 0 0
200 364 -1 0 0
199 364 -1 0 0
198 364 -1 0 0
197 364 -1 0 0
196 364 -1 0 0
195 364 -1 0 0
202 363 -1 0 0
201 363 -1 0 0
200 363 -1 0 0
199 363 -1 0 0
198 363 -1 0 0
197 363 -1 0 0
196 363 -1 0 0
199 362 -1 0 0
342 360 -1 0 0
345 359 -1 0 0
344 359 -1 0 0
343 359 -1 0 0
342 359 -1 0 0
341 359 -1 0 0
340 359 -1 0 0
339 359 -1 0 0
346 358 -1 0 0
345 358 -1 0 0
344 358 -1 0 0
343 358 -1 0 0
342 358 -1 0 0
341 358 -1 0 0
340 358 -1 0 0
339 358 -1 0 0
338 358 -1 0 0
346 357 -1 0 0
345 357 -1 0 0
344 357 -1 0 0
343 357 -1 0 0
342 357 -1 0 0
341 357 -1 0 0
340 357 -1 0 0
339 357 -1 0 0
338 357 -1 0 0
346 356 -1 0 0
345 356 -1 0 0
344 356 -1 0 0
343 356 -1 0 0
342 356 -1 0 0
341 356 -1 0 0
340 356 -1 0 0
339 356 -1 0 0
338 356 -1 0 0
347 355 -1 0 0
346 355 -1 0 0
345 355 -1 0 0
344 355 -1 0 0
343 355 -1 0 0
342 355 -1 0 0
341 355 -1 0 0
340 355 -1 0 0
339 355 -1 0 0
338 355 -1 0 0
337 355 -1 0 0
346 354 -1 0 0
345 354 -1 0 0
344 354 -1 0 0
343 354 -1 0 0
342 354 -1 0 0
341 354 -1 0 0
340 354 -1 0 0
339 354 -1 0 0
338 354 -1 0 0
346 353 -1 0 0
345 353 -1 0 0
344 353 -1 0 0
343 353 -1 0 0
342 353 -1 0 0
341 353 -1 0 0
340 353 -1 0 0
339 353 -1 0 0
338 353 -1 0 0
346 352 -1 0 0
345 352 -1 0 0
344 352 -1 0 0
343 352 -1 0 0
342 352 -1 0 0
341 352 -1 0 0
340 352 -1 0 0
339 352 -1 0 0
338 352 -1 0 0
345 351 -1 0 0
344 351 -1 0 0
343 351 -1 0 0
342 351 -1 0 0
341 351 -1 0 0
340 351 -1 0 0
339 351 -1 0 0
342 350 -1 0 0
214 318 -1 0 0
217 317 -1 0 0
216 317 -1 0 0
215 317 -1 0 0
214 317 -1 0 0
213 317 -1 0 0
212 317 -1 0 0
211 317 -1 0 0
218 316 -1 0 0
217 316 -1 0 0
216 316 -1 0 0
215 316 -1 0 0
214 316 -1 0 0
213 316 -1 0 0
212 316 -1 0 0
211 316 -1 0 0
210 316 -1 0 0
218 315 -1 0 0
217 315 -1 0 0
216 315 -1 0 0
215 315 -1 0 0
214 315 -1 0 0
213 315 -1 0 0
212 315 -1 0 0
211 315 -1 0 0
210 315 -1 0 0
218 314 -1 0 0
217 314 -1 0 0
216 314 -1 0 0
215 314 -1 0 0
214 314 -1 0 0
213 314 -1 0 0
212 314 -1 0 0
211 314 -1 0 0
210 314 -1 0 0
219 313 -1 0 0
218 313 -1 0 0
217 313 -1 0 0
216 313 -1 0 0
215 313 -1 0 0
214 313 -1 0 0
213 313 -1 0 0
212 313 -1 0 0
211 313 -1 0 0
210 313 -1 0 0
209 313 -1 0 0
218 312 -1 0 0
217 312 -1 0 0
216 312 -1 0 0
215 312 -1 0 0
214 312 -1 0 0
213 312 -1 0 0
212 312 -1 0 0
211 312 -1 0 0
210 312 -1 0 0
218 311 -1 0 0
217 311 -1 0 0
216 311 -1 0 0
215 311 -1 0 0
214 311 -1 0 0
213 311 -1 0 0
212 311 -1 0 0
211 311 -1 0 0
210 311 -1 0 0
218 310 -1 0 0
217 310 -1 0 0
216 310 -1 0 0
215 310 -1 0 0
214 310 -1 0 0
213 310 -1 0 0
212 310 -1 0 0
211 310 -1 0 0
210 310 -1 0 0
217 309 -1 0 0
216 309 -1 0 0
215 309 -1 0 0
214 309 -1 0 0
213 309 -1 0 0
212 309 -1 0 0
211 309 -1 0 0
214 308 -1 0 0
93 301 -1 0 0
96 300 -1 0 0
95 300 -1 0 0
94 300 -1 0 0
93 300 -1 0 0
92 300 -1 0 0
91 300 -1 0 0
90 300 -1 0 0
97 299 -1 0 0
96 299 -1 0 0
95 299 -1 0 0
94 299 -1 0 0
93 299 -1 0 0
92 299 -1 0 0
91 299 -1 0 0
90 299 -1 0 0
89 299 -1 0 0
97 298 -1 0 0
96 298 -1 0 0
95 298 -1 0 0
94 298 -1 0 0
93 298 -1 0 0
92 298 -1 0 0
91 298 -1 0 0
90 298 -1 0 0
89 298 -1 0 0
97 297 -1 0 0
96 297 -1 0 0
95 297 -1 0 0
94 297 -1 0 0
93 297 -1 0 0
92 297 -1 0 0
91 297 -1 0 0
90 297 -1 0 0
89 297 -1 0 0
98 296 -1 0 0
97 296 -1 0 0
96 296 -1 0 0
95 296 -1 0 0
94 296 -1 0 0
93 296 -1 0 0
92 296 -1 0 0
91 296 -1 0 0
90 296 -1 0 0
89 296 -1 0 0
88 296 -1 0 0
97 295 -1 0 0
96 295 -1 0 0
95 295 -1 0 0
94 295 -1 0 0
93 295 -1 0 0
92 295 -1 0 0
91 295 -1 0 0
90 295 -1 0 0
89 295 -1 0 0
97 294 -1 0 0
96 294 -1 0 0
95 294 -1 0 0
94 294 -1 0 0
93 294 -1 0 0
92 294 -1 0 0
91 294 -1 0 0
90 294 -1 0 0
89 294 -1 0 0
97 293 -1 0 0
96 293 -1 0 0
95 293 -1 0 0
94 293 -1 0 0
93 293 -1 0 0
92 293 -1 0 0
91 293 -1 0 0
90 293 -1 0 0
89 293 -1 0 0
96 292 -1 0 0
95 292 -1 0 0
94 292 -1 0 0
93 292 -1 0 0
92 292 -1 0 0
91 292 -1 0 0
90 292 -1 0 0
93 291 -1 0 0
353 202 -1 0 0
356 201 -1 0 0
355 201 -1 0 0
354 201 -1 0 0
353 201 -1 0 0
352 201 -1 0 0
351 201 -1 0 0
350 201 -1 0 0
357 200 -1 0 0
356 200 -1 0 0
355 200 -1 0 0
354 200 -1 0 0
353 200 -1 0 0
352 200 -1 0 0
351 200 -1 0 0
350 200 -1 0 0
349 200 -1 0 0
220 200 -1 1 0
357 199 -1 0 0
356 199 -1 0 0
355 199 -1 0 0
354 199 -1 0 0
353 199 -1 0 0
352 199 -1 0 0
351 199 -1 0 0
350 199 -1 0 0
349 199 -1 0 0
223 199 -1 1 0
222 199 -1 1 0
221 199 -1 1 0
220 199 -1 1 0
219 199 -1 1 0
218 199 -1 1 0
217 199 -1 1 0
357 198 -1 0 0
356 198 -1 0 0
355 198 -1 0 0
354 198 -1 0 0
353 198 -1 0 0
352 198 -1 0 0
351 198 -1 0 0
350 198 -1 0 0
349 198 -1 0 0
224 198 -1 1 0
223 198 -1 1 0
222 198 -1 1 0
221 198 -1 1 0
220 198 -1 1 0
219 198 -1 1 0
218 198 -1 1 0
217 198 -1 1 0
216 198 -1 1 0
358 197 -1 0 0
357 197 -1 0 0
356 197 -1 0 0
355 197 -1 0 0
354 197 -1 0 0
353 197 -1 0 0
352 197 -1 0 0
351 197 -1 0 0
350 197 -1 0 0
349 197 -1 0 0
348 197 -1 0 0
224 197 -1 1 0
223 197 -1 1 0
222 197 -1 1 0
221 197 -1 1 0
220 197 -1 1 0
219 197 -1 1 0
218 197 -1 1 0
217 197 -1 1 0
216 197 -1 1 0
357 196 -1 0 0
356 196 -1 0 0
355 196 -1 0 0
354 196 -1 0 0
353 196 -1 0 0
352 196 -1 0 0
351 196 -1 0 0
350 196 -1 0 0
349 196 -1 0 0
224 196 -1 1 0
223 196 -1 1 0
222 196 -1 1 0
221 196 -1 1 0
220 196 -1 1 0
219 196 -1 1 0
218 196 -1 1 0
217 196 -1 1 0
216 196 -1 1 0
357 195 -1 0 0
356 195 -1 0 0
355 195 -1 0 0
354 195 -1 0 0
353 195 -1 0 0
352 195 -1 0 0
351 195 -1 0 0
350 195 -1 0 0
349 195 -1 0 0
225 195 -1 1 0
224 195 -1 1 0
223 195 -1 1 0
222 195 -1 1 0
221 195 -1 1 0
220 195 -1 1 0
219 195 -1 1 0
218 195 -1 1 0
217 195 -1 1 0
216 195 -1 1 0
215 195 -1 1 0
357 194 -1 0 0
356 194 -1 0 0
355 194 -1 0 0
354 194 -1 0 0
353 194 -1 0 0
352 194 -1 0 0
351 194 -1 0 0
350 194 -1 0 0
349 194 -1 0 0
237 194 -1 1 0
224 194 -1 1 0
223 194 -1 1 0
222 194 -1 1 0
221 194 -1 1 0
220 194 -1 1 0
219 194 -1 1 0
218 194 -1 1 0
217 194 -1 1 0
216 194 -1 1 0
356 193 -1 0 0
355 193 -1 0 0
354 193 -1 0 0
353 193 -1 0 0
352 193 -1 0 0
351 193 -1 0 0
350 193 -1 0 0
240 193 -1 1 0
239 193 -1 1 0
238 193 -1 1 0
237 193 -1 1 0
236 193 -1 1 0
235 193 -1 1 0
234 193 -1 1 0
224 193 -1 1 0
223 193 -1 1 0
222 193 -1 1 0
221 193 -1 1 0
220 193 -1 1 0
219 193 -1 1 0
218 193 -1 1 0
217 193 -1 1 0
216 193 -1 1 0
353 192 -1 0 0
241 192 -1 1 0
240 192 -1 1 0
239 192 -1 1 0
238 192 -1 1 0
237 192 -1 1 0
236 192 -1 1 0
235 192 -1 1 0
234 192 -1 1 0
233 192 -1 1 0
224 192 -1 1 0
223 192 -1 1 0
222 192 -1 1 0
221 192 -1 1 0
220 192 -1 1 0
219 192 -1 1 0
218 192 -1 1 0
217 192 -1 1 0
216 192 -1 1 0
241 191 -1 1 0
240 191 -1 1 0
239 191 -1 1 0
238 191 -1 1 0
237 191 -1 1 0
236 191 -1 1 0
235 191 -1 1 0
234 191 -1 1 0
233 191 -1 1 0
223 191 -1 1 0
222 191 -1 1 0
221 191 -1 1 0
220 191 -1 1 0
219 191 -1 1 0
218 191 -1 1 0
217 191 -1 1 0
241 190 -1 1 0
240 190 -1 1 0
239 190 -1 1 0
238 190 -1 1 0
237 190 -1 1 0
236 190 -1 1 0
235 190 -1 1 0
234 190 -1 1 0
233 190 -1 1 0
220 190 -1 1 0
242 189 -1 1 0
241 189 -1 1 0
240 189 -1 1 0
239 189 -1 1 0
238 189 -1 1 0
237 189 -1 1 0
236 189 -1 1 0
235 189 -1 1 0
234 189 -1 1 0
233 189 -1 1 0
232 189 -1 1 0
241 188 -1 1 0
240 188 -1 1 0
239 188 -1 1 0
238 188 -1 1 0
237 188 -1 1 0
236 188 -1 1 0
235 188 -1 1 0
234 188 -1 1 0
233 188 -1 1 0
250 187 -1 1 0
241 187 -1 1 0
240 187 -1 1 0
239 187 -1 1 0
238 187 -1 1 0
237 187 -1 1 0
236 187 -1 1 0
235 187 -1 1 0
234 187 -1 1 0
233 187 -1 1 0
253 186 -1 1 0
252 186 -1 1 0
251 186 -1 1 0
250 186 -1 1 0
249 186 -1 1 0
248 186 -1 1 0
247 186 -1 1 0
241 186 -1 1 0
240 186 -1 1 0
239 186 -1 1 0
238 186 -1 1 0
237 186 -1 1 0
236 186 -1 1 0
235 186 -1 1 0
234 186 -1 1 0
233 186 -1 1 0
254 185 -1 1 0
253 185 -1 1 0
252 185 -1 1 0
251 185 -1 1 0
250 185 -1 1 0
249 185 -1 1 0
248 185 -1 1 0
247 185 -1 1 0
246 185 -1 1 0
240 185 -1 1 0
239 185 -1 1 0
238 185 -1 1 0
237 185 -1 1 0
236 185 -1 1 0
235 185 -1 1 0
234 185 -1 1 0
254 184 -1 1 0
253 184 -1 1 0
252 184 -1 1 0
251 184 -1 1 0
250 184 -1 1 0
249 184 -1 1 0
248 184 -1 1 0
247 184 -1 1 0
246 184 -1 1 0
237 184 -1 1 0
226 184 -1 1 0
254 183 -1 1 0
253 183 -1 1 0
252 183 -1 1 0
251 183 -1 1 0
250 183 -1 1 0
249 183 -1 1 0
248 183 -1 1 0
247 183 -1 1 0
246 183 -1 1 0
229 183 -1 1 0
228 183 -1 1 0
227 183 -1 1 0
226 183 -1 1 0
225 183 -1 1 0
224 183 -1 1 0
223 183 -1 1 0
255 182 -1 1 0
254 182 -1 1 0
253 182 -1 1 0
252 182 -1 1 0
251 182 -1 1 0
250 182 -1 1 0
249 182 -1 1 0
248 182 -1 1 0
247 182 -1 1 0
246 182 -1 1 0
245 182 -1 1 0
230 182 -1 1 0
229 182 -1 1 0
228 182 -1 1 0
227 182 -1 1 0
226 182 -1 1 0
225 182 -1 1 0
224 182 -1 1 0
223 182 -1 1 0
222 182 -1 1 0
254 181 -1 1 0
253 181 -1 1 0
252 181 -1 1 0
251 181 -1 1 0
250 181 -1 1 0
249 181 -1 1 0
248 181 -1 1 0
247 181 -1 1 0
246 181 -1 1 0
230 181 -1 1 0
229 181 -1 1 0
228 181 -1 1 0
227 181 -1 1 0
226 181 -1 1 0
225 181 -1 1 0
224 181 -1 1 0
223 181 -1 1 0
222 181 -1 1 0
262 180 -1 1 0
254 180 -1 1 0
253 180 -1 1 0
252 180 -1 1 0
251 180 -1 1 0
250 180 -1 1 0
249 180 -1 1 0
248 180 -1 1 0
247 180 -1 1 0
246 180 -1 1 0
230 180 -1 1 0
229 180 -1 1 0
228 180 -1 1 0
227 180 -1 1 0
226 180 -1 1 0
225 180 -1 1 0
224 180 -1 1 0
223 180 -1 1 0
222 180 -1 1 0
265 179 -1 1 0
264 179 -1 1 0
263 179 -1 1 0
262 179 -1 1 0
261 179 -1 1 0
260 179 -1 1 0
259 179 -1 1 0
254 179 -1 1 0
253 179 -1 1 0
252 179 -1 1 0
251 179 -1 1 0
250 179 -1 1 0
249 179 -1 1 0
248 179 -1 1 0
247 179 -1 1 0
246 179 -1 1 0
231 179 -1 1 0
230 179 -1 1 0
229 179 -1 1 0
228 179 -1 1 0
227 179 -1 1 0
226 179 -1 1 0
225 179 -1 1 0
224 179 -1 1 0
223 179 -1 1 0
222 179 -1 1 0
221 179 -1 1 0
266 178 -1 1 0
265 178 -1 1 0
264 178 -1 1 0
263 178 -1 1 0
262 178 -1 1 0
261 178 -1 1 0
260 178 -1 1 0
259 178 -1 1 0
258 178 -1 1 0
253 178 -1 1 0
252 178 -1 1 0
251 178 -1 1 0
250 178 -1 1 0
249 178 -1 1 0
248 178 -1 1 0
247 178 -1 1 0
230 178 -1 1 0
229 178 -1 1 0
228 178 -1 1 0
227 178 -1 1 0
226 178 -1 1 0
225 178 -1 1 0
224 178 -1 1 0
223 178 -1 1 0
222 178 -1 1 0
266 177 -1 1 0
265 177 -1 1 0
264 177 -1 1 0
263 177 -1 1 0
262 177 -1 1 0
261 177 -1 1 0
260 177 -1 1 0
259 177 -1 1 0
258 177 -1 1 0
250 177 -1 1 0
230 177 -1 1 0
229 177 -1 1 0
228 177 -1 1 0
227 177 -1 1 0
226 177 -1 1 0
225 177 -1 1 0
224 177 -1 1 0
223 177 -1 1 0
222 177 -1 1 0
385 176 -1 0 0
266 176 -1 1 0
265 176 -1 1 0
264 176 -1 1 0
263 176 -1 1 0
262 176 -1 1 0
261 176 -1 1 0
260 176 -1 1 0
259 176 -1 1 0
258 176 -1 1 0
230 176 -1 1 0
229 176 -1 1 0
228 176 -1 1 0
227 176 -1 1 0
226 176 -1 1 0
225 176 -1 1 0
224 176 -1 1 0
223 176 -1 1 0
222 176 -1 1 0
388 175 -1 0 0
387 175 -1 0 0
386 175 -1 0 0
385 175 -1 0 0
384 175 -1 0 0
383 175 -1 0 0
382 175 -1 0 0
267 175 -1 1 0
266 175 -1 1 0
265 175 -1 1 0
264 175 -1 1 0
263 175 -1 1 0
262 175 -1 1 0
261 175 -1 1 0
260 175 -1 1 0
259 175 -1 1 0
258 175 -1 1 0
257 175 -1 1 0
245 175 -1 1 0
229 175 -1 1 0
228 175 -1 1 0
227 175 -1 1 0
226 175 -1 1 0
225 175 -1 1 0
224 175 -1 1 0
223 175 -1 1 0
389 174 -1 0 0
388 174 -1 0 0
387 174 -1 0 0
386 174 -1 0 0
385 174 -1 0 0
384 174 -1 0 0
383 174 -1 0 0
382 174 -1 0 0
381 174 -1 0 0
277 174 -1 1 0
266 174 -1 1 0
265 174 -1 1 0
264 174 -1 1 0
263 174 -1 1 0
262 174 -1 1 0
261 174 -1 1 0
260 174 -1 1 0
259 174 -1 1 0
258 174 -1 1 0
248 174 -1 1 0
247 174 -1 1 0
246 174 -1 1 0
245 174 -1 1 0
244 174 -1 1 0
243 174 -1 1 0
242 174 -1 1 0
226 174 -1 1 0
389 173 -1 0 0
388 173 -1 0 0
387 173 -1 0 0
386 173 -1 0 0
385 173 -1 0 0
384 173 -1 0 0
383 173 -1 0 0
382 173 -1 0 0
381 173 -1 0 0
280 173 -1 1 0
279 173 -1 1 0
278 173 -1 1 0
277 173 -1 1 0
276 173 -1 1 0
275 173 -1 1 0
274 173 -1 1 0
266 173 -1 1 0
265 173 -1 1 0
264 173 -1 1 0
263 173 -1 1 0
262 173 -1 1 0
261 173 -1 1 0
260 173 -1 1 0
259 173 -1 1 0
258 173 -1 1 0
249 173 -1 1 0
248 173 -1 1 0
247 173 -1 1 0
246 173 -1 1 0
245 173 -1 1 0
244 173 -1 1 0
243 173 -1 1 0
242 173 -1 1 0
241 173 -1 1 0
389 172 -1 0 0
388 172 -1 0 0
387 172 -1 0 0
386 172 -1 0 0
385 172 -1 0 0
384 172 -1 0 0
383 172 -1 0 0
382 172 -1 0 0
381 172 -1 0 0
281 172 -1 1 0
280 172 -1 1 0
279 172 -1 1 0
278 172 -1 1 0
277 172 -1 1 0
276 172 -1 1 0
275 172 -1 1 0
274 172 -1 1 0
273 172 -1 1 0
266 172 -1 1 0
265 172 -1 1 0
264 172 -1 1 0
263 172 -1 1 0
262 172 -1 1 0
261 172 -1 1 0
260 172 -1 1 0
259 172 -1 1 0
258 172 -1 1 0
249 172 -1 1 0
248 172 -1 1 0
247 172 -1 1 0
246 172 -1 1 0
245 172 -1 1 0
244 172 -1 1 0
243 172 -1 1 0
242 172 -1 1 0
241 172 -1 1 0
390 171 -1 0 0
389 171 -1 0 0
388 171 -1 0 0
387 171 -1 0 0
386 171 -1 0 0
385 171 -1 0 0
384 171 -1 0 0
383 171 -1 0 0
382 171 -1 0 0
381 171 -1 0 0
380 171 -1 0 0
281 171 -1 1 0
280 171 -1 1 0
279 171 -1 1 0
278 171 -1 1 0
277 171 -1 1 0
276 171 -1 1 0
275 171 -1 1 0
274 171 -1 1 0
273 171 -1 1 0
265 171 -1 1 0
264 171 -1 1 0
263 171 -1 1 0
262 171 -1 1 0
261 171 -1 1 0
260 171 -1 1 0
259 171 -1 1 0
249 171 -1 1 0
248 171 -1 1 0
247 171 -1 1 0
246 171 -1 1 0
245 171 -1 1 0
244 171 -1 1 0
243 171 -1 1 0
242 171 -1 1 0
241 171 -1 1 0
389 170 -1 0 0
388 170 -1 0 0
387 170 -1 0 0
386 170 -1 0 0
385 170 -1 0 0
384 170 -1 0 0
383 170 -1 0 0
382 170 -1 0 0
381 170 -1 0 0
281 170 -1 1 0
280 170 -1 1 0
279 170 -1 1 0
278 170 -1 1 0
277 170 -1 1 0
276 170 -1 1 0
275 170 -1 1 0
274 170 -1 1 0
273 170 -1 1 0
262 170 -1 1 0
250 170 -1 1 0
249 170 -1 1 0
248 170 -1 1 0
247 170 -1 1 0
246 170 -1 1 0
245 170 -1 1 0
244 170 -1 1 0
243 170 -1 1 0
242 170 -1 1 0
241 170 -1 1 0
240 170 -1 1 0
389 169 -1 0 0
388 169 -1 0 0
387 169 -1 0 0
386 169 -1 0 0
385 169 -1 0 0
384 169 -1 0 0
383 169 -1 0 0
382 169 -1 0 0
381 169 -1 0 0
282 169 -1 1 0
281 169 -1 1 0
280 169 -1 1 0
279 169 -1 1 0
278 169 -1 1 0
277 169 -1 1 0
276 169 -1 1 0
275 169 -1 1 0
274 169 -1 1 0
273 169 -1 1 0
272 169 -1 1 0
249 169 -1 1 0
248 169 -1 1 0
247 169 -1 1 0
246 169 -1 1 0
245 169 -1 1 0
244 169 -1 1 0
243 169 -1 1 0
242 169 -1 1 0
241 169 -1 1 0
389 168 -1 0 0
388 168 -1 0 0
387 168 -1 0 0
386 168 -1 0 0
385 168 -1 0 0
384 168 -1 0 0
383 168 -1 0 0
382 168 -1 0 0
381 168 -1 0 0
281 168 -1 1 0
280 168 -1 1 0
279 168 -1 1 0
278 168 -1 1 0
277 168 -1 1 0
276 168 -1 1 0
275 168 -1 1 0
274 168 -1 1 0
273 168 -1 1 0
249 168 -1 1 0
248 168 -1 1 0
247 168 -1 1 0
246 168 -1 1 0
245 168 -1 1 0
244 168 -1 1 0
243 168 -1 1 0
242 168 -1 1 0
241 168 -1 1 0
388 167 -1 0 0
387 167 -1 0 0
386 167 -1 0 0
385 167 -1 0 0
384 167 -1 0 0
383 167 -1 0 0
382 167 -1 0 0
281 167 -1 1 0
280 167 -1 1 0
279 167 -1 1 0
278 167 -1 1 0
277 167 -1 1 0
276 167 -1 1 0
275 167 -1 1 0
274 167 -1 1 0
273 167 -1 1 0
249 167 -1 1 0
248 167 -1 1 0
247 167 -1 1 0
246 167 -1 1 0
245 167 -1 1 0
244 167 -1 1 0
243 167 -1 1 0
242 167 -1 1 0
241 167 -1 1 0
385 166 -1 0 0
281 166 -1 1 0
280 166 -1 1 0
279 166 -1 1 0
278 166 -1 1 0
277 166 -1 1 0
276 166 -1 1 0
275 166 -1 1 0
274 166 -1 1 0
273 166 -1 1 0
248 166 -1 1 0
247 166 -1 1 0
246 166 -1 1 0
245 166 -1 1 0
244 166 -1 1 0
243 166 -1 1 0
242 166 -1 1 0
280 165 -1 1 0
279 165 -1 1 0
278 165 -1 1 0
277 165 -1 1 0
276 165 -1 1 0
275 165 -1 1 0
274 165 -1 1 0
245 165 -1 1 0
277 164 -1 1 0
260 164 -1 1 0
263 163 -1 1 0
262 163 -1 1 0
261 163 -1 1 0
260 163 -1 1 0
259 163 -1 1 0
258 163 -1 1 0
257 163 -1 1 0
264 162 -1 1 0
263 162 -1 1 0
262 162 -1 1 0
261 162 -1 1 0
260 162 -1 1 0
259 162 -1 1 0
258 162 -1 1 0
257 162 -1 1 0
256 162 -1 1 0
264 161 -1 1 0
263 161 -1 1 0
262 161 -1 1 0
261 161 -1 1 0
260 161 -1 1 0
259 161 -1 1 0
258 161 -1 1 0
257 161 -1 1 0
256 161 -1 1 0
264 160 -1 1 0
263 160 -1 1 0
262 160 -1 1 0
261 160 -1 1 0
260 160 -1 1 0
259 160 -1 1 0
258 160 -1 1 0
257 160 -1 1 0
256 160 -1 1 0
265 159 -1 1 0
264 159 -1 1 0
263 159 -1 1 0
262 159 -1 1 0
261 159 -1 1 0
260 159 -1 1 0
259 159 -1 1 0
258 159 -1 1 0
257 159 -1 1 0
256 159 -1 1 0
255 159 -1 1 0
264 158 -1 1 0
263 158 -1 1 0
262 158 -1 1 0
261 158 -1 1 0
260 158 -1 1 0
259 158 -1 1 0
258 158 -1 1 0
257 158 -1 1 0
256 158 -1 1 0
264 157 -1 1 0
263 157 -1 1 0
262 157 -1 1 0
261 157 -1 1 0
260 157 -1 1 0
259 157 -1 1 0
258 157 -1 1 0
257 157 -1 1 0
256 157 -1 1 0
264 156 -1 1 0
263 156 -1 1 0
262 156 -1 1 0
261 156 -1 1 0
260 156 -1 1 0
259 156 -1 1 0
258 156 -1 1 0
257 156 -1 1 0
256 156 -1 1 0
263 155 -1 1 0
262 155 -1 1 0
261 155 -1 1 0
260 155 -1 1 0
259 155 -1 1 0
258 155 -1 1 0
257 155 -1 1 0
260 154 -1 1 0
45 138 -1 0 0
48 137 -1 0 0
47 137 -1 0 0
46 137 -1 0 0
45 137 -1 0 0
44 137 -1 0 0
43 137 -1 0 0
42 137 -1 0 0
49 136 -1 0 0
48 136 -1 0 0
47 136 -1 0 0
46 136 -1 0 0
45 136 -1 0 0
44 136 -1 0 0
43 136 -1 0 0
42 136 -1 0 0
41 136 -1 0 0
49 135 -1 0 0
48 135 -1 0 0
47 135 -1 0 0
46 135 -1 0 0
45 135 -1 0 0
44 135 -1 0 0
43 135 -1 0 0
42 135 -1 0 0
41 135 -1 0 0
49 134 -1 0 0
48 134 -1 0 0
47 134 -1 0 0
46 134 -1 0 0
45 134 -1 0 0
44 134 -1 0 0
43 134 -1 0 0
42 134 -1 0 0
41 134 -1 0 0
50 133 -1 0 0
49 133 -1 0 0
48 133 -1 0 0
47 133 -1 0 0
46 133 -1 0 0
45 133 -1 0 0
44 133 -1 0 0
43 133 -1 0 0
42 133 -1 0 0
41 133 -1 0 0
40 133 -1 0 0
49 132 -1 0 0
48 132 -1 0 0
47 132 -1 0 0
46 132 -1 0 0
45 132 -1 0 0
44 132 -1 0 0
43 132 -1 0 0
42 132 -1 0 0
41 132 -1 0 0
49 131 -1 0 0
48 131 -1 0 0
47 131 -1 0 0
46 131 -1 0 0
45 131 -1 0 0
44 131 -1 0 0
43 131 -1 0 0
42 131 -1 0 0
41 131 -1 0 0
49 130 -1 0 0
48 130 -1 0 0
47 130 -1 0 0
46 130 -1 0 0
45 130 -1 0 0
44 130 -1 0 0
43 130 -1 0 0
42 130 -1 0 0
41 130 -1 0 0
48 129 -1 0 0
47 129 -1 0 0
46 129 -1 0 0
45 129 -1 0 0
44 129 -1 0 0
43 129 -1 0 0
42 129 -1 0 0
45 128 -1 0 0
184 40 -1 0 0
187 39 -1 0 0
186 39 -1 0 0
185 39 -1 0 0
184 39 -1 0 0
183 39 -1 0 0
182 39 -1 0 0
181 39 -1 0 0
188 38 -1 0 0
187 38 -1 0 0
186 38 -1 0 0
185 38 -1 0 0
184 38 -1 0 0
183 38 -1 0 0
182 38 -1 0 0
181 38 -1 0 0
180 38 -1 0 0
188 37 -1 0 0
187 37 -1 0 0
186 37 -1 0 0
185 37 -1 0 0
184 37 -1 0 0
183 37 -1 0 0
182 37 -1 0 0
181 37 -1 0 0
180 37 -1 0 0
188 36 -1 0 0
187 36 -1 0 0
186 36 -1 0 0
185 36 -1 0 0
184 36 -1 0 0
183 36 -1 0 0
182 36 -1 0 0
181 36 -1 0 0
180 36 -1 0 0
189 35 -1 0 0
188 35 -1 0 0
187 35 -1 0 0
186 35 -1 0 0
185 35 -1 0 0
184 35 -1 0 0
183 35 -1 0 0
182 35 -1 0 0
181 35 -1 0 0
180 35 -1 0 0
179 35 -1 0 0
188 34 -1 0 0
187 34 -1 0 0
186 34 -1 0 0
185 34 -1 0 0
184 34 -1 0 0
183 34 -1 0 0
182 34 -1 0 0
181 34 -1 0 0
180 34 -1 0 0
188 33 -1 0 0
187 33 -1 0 0
186 33 -1 0 0
185 33 -1 0 0
184 33 -1 0 0
183 33 -1 0 0
182 33 -1 0 0
181 33 -1 0 0
180 33 -1 0 0
188 32 -1 0 0
187 32 -1 0 0
186 32 -1 0 0
185 32 -1 0 0
184 32 -1 0 0
183 32 -1 0 0
182 32 -1 0 0
181 32 -1 0 0
180 32 -1 0 0
187 31 -1 0 0
186 31 -1 0 0
185 31 -1 0 0
184 31 -1 0 0
183 31 -1 0 0
182 31 -1 0 0
181 31 -1 0 0
184 30 -1 0 0
376 24 -1 0 0
379 23 -1 0 0
378 23 -1 0 0
377 23 -1 0 0
376 23 -1 0 0
375 23 -1 0 0
374 23 -1 0 0
373 23 -1 0 0
380 22 -1 0 0
379 22 -1 0 0
378 22 -1 0 0
377 22 -1 0 0
376 22 -1 0 0
375 22 -1 0 0
374 22 -1 0 0
373 22 -1 0 0
372 22 -1 0 0
380 21 -1 0 0
379 21 -1 0 0
378 21 -1 0 0
377 21 -1 0 0
376 21 -1 0 0
375 21 -1 0 0
374 21 -1 0 0
373 21 -1 0 0
372 21 -1 0 0
380 20 -1 0 0
379 20 -1 0 0
378 20 -1 0 0
377 20 -1 0 0
376 20 -1 0 0
375 20 -1 0 0
374 20 -1 0 0
373 20 -1 0 0
372 20 -1 0 0
381 19 -1 0 0
380 19 -1 0 0
379 19 -1 0 0
378 19 -1 0 0
377 19 -1 0 0
376 19 -1 0 0
375 19 -1 0 0
374 19 -1 0 0
373 19 -1 0 0
372 19 -1 0 0
371 19 -1 0 0
380 18 -1 0 0
379 18 -1 0 0
378 18 -1 0 0
377 18 -1 0 0
376 18 -1 0 0
375 18 -1 0 0
374 18 -1 0 0
373 18 -1 0 0
372 18 -1 0 0
380 17 -1 0 0
379 17 -1 0 0
378 17 -1 0 0
377 17 -1 0 0
376 17 -1 0 0
375 17 -1 0 0
374 17 -1 0 0
373 17 -1 0 0
372 17 -1 0 0
380 16 -1 0 0
379 16 -1 0 0
378 16 -1 0 0
377 16 -1 0 0
376 16 -1 0 0
375 16 -1 0 0
374 16 -1 0 0
373 16 -1 0 0
372 16 -1 0 0
379 15 -1 0 0
378 15 -1 0 0
377 15 -1 0 0
376 15 -1 0 0
375 15 -1 0 0
374 15 -1 0 0
373 15 -1 0 0
376 14 -1 0 0
