1215 400 400
101 392 -1 0 0
104 391 -1 0 0
103 391 -1 0 0
102 391 -1 0 0
101 391 -1 0 0
100 391 -1 0 0
99 391 -1 0 0
98 391 -1 0 0
105 390 -1 0 0
104 390 -1 0 0
103 390 -1 0 0
102 390 -1 0 0
101 390 -1 0 0
100 390 -1 0 0
99 390 -1 0 0
98 390 -1 0 0
97 390 -1 0 0
105 389 -1 0 0
104 389 -1 0 0
103 389 -1 0 0
102 389 -1 0 0
101 389 -1 0 0
100 389 -1 0 0
99 389 -1 0 0
98 389 -1 0 0
97 389 -1 0 0
105 388 -1 0 0
104 388 -1 0 0
103 388 -1 0 0
102 388 -1 0 0
101 388 -1 0 0
100 388 -1 0 0
99 388 -1 0 0
98 388 -1 0 0
97 388 -1 0 0
106 387 -1 0 0
105 387 -1 0 0
104 387 -1 0 0
103 387 -1 0 0
102 387 -1 0 0
101 387 -1 0 0
100 387 -1 0 0
99 387 -1 0 0
98 387 -1 0 0
97 387 -1 0 0
96 387 -1 0 0
105 386 -1 0 0
104 386 -1 0 0
103 386 -1 0 0
102 386 -1 0 0
101 386 -1 0 0
100 386 -1 0 0
99 386 -1 0 0
98 386 -1 0 0
97 386 -1 0 0
105 385 -1 0 0
104 385 -1 0 0
103 385 -1 0 0
102 385 -1 0 0
101 385 -1 0 0
100 385 -1 0 0
99 385 -1 0 0
98 385 -1 0 0
97 385 -1 0 0
105 384 -1 0 0
104 384 -1 0 0
103 384 -1 0 0
102 384 -1 0 0
101 384 -1 0 0
100 384 -1 0 0
99 384 -1 0 0
98 384 -1 0 0
97 384 -1 0 0
104 383 -1 0 0
103 383 -1 0 0
102 383 -1 0 0
101 383 -1 0 0
100 383 -1 0 0
99 383 -1 0 0
98 383 -1 0 0
101 382 -1 0 0
232 381 -1 0 0
235 380 -1 0 0
234 380 -1 0 0
233 380 -1 0 0
232 380 -1 0 0
231 380 -1 0 0
230 380 -1 0 0
229 380 -1 0 0
236 379 -1 0 0
235 379 -1 0 0
234 379 -1 0 0
233 379 -1 0 0
232 379 -1 0 0
231 379 -1 0 0
230 379 -1 0 0
229 379 -1 0 0
228 379 -1 0 0
236 378 -1 0 0
235 378 -1 0 0
234 378 -1 0 0
233 378 -1 0 0
232 378 -1 0 0
231 378 -1 0 0
230 378 -1 0 0
229 378 -1 0 0
228 378 -1 0 0
157 378 -1 1 0
236 377 -1 0 0
235 377 -1 0 0
234 377 -1 0 0
233 377 -1 0 0
232 377 -1 0 0
231 377 -1 0 0
230 377 -1 0 0
229 377 -1 0 0
228 377 -1 0 0
160 377 -1 1 0
159 377 -1 1 0
158 377 -1 1 0
157 377 -1 1 0
156 377 -1 1 0
155 377 -1 1 0
154 377 -1 1 0
237 376 -1 0 0
236 376 -1 0 0
235 376 -1 0 0
234 376 -1 0 0
233 376 -1 0 0
232 376 -1 0 0
231 376 -1 0 0
230 376 -1 0 0
229 376 -1 0 0
228 376 -1 0 0
227 376 -1 0 0
161 376 -1 1 0
160 376 -1 1 0
159 376 -1 1 0
158 376 -1 1 0
157 376 -1 1 0
156 376 -1 1 0
155 376 -1 1 0
154 376 -1 1 0
153 376 -1 1 0
236 375 -1 0 0
235 375 -1 0 0
234 375 -1 0 0
233 375 -1 0 0
232 375 -1 0 0
231 375 -1 0 0
230 375 -1 0 0
229 375 -1 0 0
228 375 -1 0 0
161 375 -1 1 0
160 375 -1 1 0
159 375 -1 1 0
158 375 -1 1 0
157 375 -1 1 0
156 375 -1 1 0
155 375 -1 1 0
154 375 -1 1 0
153 375 -1 1 0
236 374 -1 0 0
235 374 -1 0 0
234 374 -1 0 0
233 374 -1 0 0
232 374 -1 0 0
231 374 -1 0 0
230 374 -1 0 0
229 374 -1 0 0
228 374 -1 0 0
161 374 -1 1 0
160 374 -1 1 0
159 374 -1 1 0
158 374 -1 1 0
157 374 -1 1 0
156 374 -1 1 0
155 374 -1 1 0
154 374 -1 1 0
153 374 -1 1 0
236 373 -1 0 0
235 373 -1 0 0
234 373 -1 0 0
233 373 -1 0 0
232 373 -1 0 0
231 373 -1 0 0
230 373 -1 0 0
229 373 -1 0 0
228 373 -1 0 0
162 373 -1 1 0
161 373 -1 1 0
160 373 -1 1 0
159 373 -1 1 0
158 373 -1 1 0
157 373 -1 1 0
156 373 -1 1 0
155 373 -1 1 0
154 373 -1 1 0
153 373 -1 1 0
152 373 -1 1 0
235 372 -1 0 0
234 372 -1 0 0
233 372 -1 0 0
232 372 -1 0 0
231 372 -1 0 0
230 372 -1 0 0
229 372 -1 0 0
161 372 -1 1 0
160 372 -1 1 0
159 372 -1 1 0
158 372 -1 1 0
157 372 -1 1 0
156 372 -1 1 0
155 372 -1 1 0
154 372 -1 1 0
153 372 -1 1 0
232 371 -1 0 0
161 371 -1 1 0
160 371 -1 1 0
159 371 -1 1 0
158 371 -1 1 0
157 371 -1 1 0
156 371 -1 1 0
155 371 -1 1 0
154 371 -1 1 0
153 371 -1 1 0
161 370 -1 1 0
160 370 -1 1 0
159 370 -1 1 0
158 370 -1 1 0
157 370 -1 1 0
156 370 -1 1 0
155 370 -1 1 0
154 370 -1 1 0
153 370 -1 1 0
160 369 -1 1 0
159 369 -1 1 0
158 369 -1 1 0
157 369 -1 1 0
156 369 -1 1 0
155 369 -1 1 0
154 369 -1 1 0
157 368 -1 1 0
160 362 -1 1 0
163 361 -1 1 0
162 361 -1 1 0
161 361 -1 1 0
160 361 -1 1 0
159 361 -1 1 0
158 361 -1 1 0
157 361 -1 1 0
164 360 -1 1 0
163 360 -1 1 0
162 360 -1 1 0
161 360 -1 1 0
160 360 -1 1 0
159 360 -1 1 0
158 360 -1 1 0
157 360 -1 1 0
156 360 -1 1 0
164 359 -1 1 0
163 359 -1 1 0
162 359 -1 1 0
161 359 -1 1 0
160 359 -1 1 0
159 359 -1 1 0
158 359 -1 1 0
157 359 -1 1 0
156 359 -1 1 0
164 358 -1 1 0
163 358 -1 1 0
162 358 -1 1 0
161 358 -1 1 0
160 358 -1 1 0
159 358 -1 1 0
158 358 -1 1 0
157 358 -1 1 0
156 358 -1 1 0
165 357 -1 1 0
164 357 -1 1 0
163 357 -1 1 0
162 357 -1 1 0
161 357 -1 1 0
160 357 -1 1 0
159 357 -1 1 0
158 357 -1 1 0
157 357 -1 1 0
156 357 -1 1 0
155 357 -1 1 0
164 356 -1 1 0
163 356 -1 1 0
162 356 -1 1 0
161 356 -1 1 0
160 356 -1 1 0
159 356 -1 1 0
158 356 -1 1 0
157 356 -1 1 0
156 356 -1 1 0
164 355 -1 1 0
163 355 -1 1 0
162 355 -1 1 0
161 355 -1 1 0
160 355 -1 1 0
159 355 -1 1 0
158 355 -1 1 0
157 355 -1 1 0
156 355 -1 1 0
164 354 -1 1 0
163 354 -1 1 0
162 354 -1 1 0
161 354 -1 1 0
160 354 -1 1 0
159 354 -1 1 0
158 354 -1 1 0
157 354 -1 1 0
156 354 -1 1 0
144 354 -1 1 0
163 353 -1 1 0
162 353 -1 1 0
161 353 -1 1 0
160 353 -1 1 0
159 353 -1 1 0
158 353 -1 1 0
157 353 -1 1 0
147 353 -1 1 0
146 353 -1 1 0
145 353 -1 1 0
144 353 -1 1 0
143 353 -1 1 0
142 353 -1 1 0
141 353 -1 1 0
160 352 -1 1 0
148 352 -1 1 0
147 352 -1 1 0
146 352 -1 1 0
145 352 -1 1 0
144 352 -1 1 0
143 352 -1 1 0
142 352 -1 1 0
141 352 -1 1 0
140 352 -1 1 0
148 351 -1 1 0
147 351 -1 1 0
146 351 -1 1 0
145 351 -1 1 0
144 351 -1 1 0
143 351 -1 1 0
142 351 -1 1 0
141 351 -1 1 0
140 351 -1 1 0
148 350 -1 1 0
147 350 -1 1 0
146 350 -1 1 0
145 350 -1 1 0
144 350 -1 1 0
143 350 -1 1 0
142 350 -1 1 0
141 350 -1 1 0
140 350 -1 1 0
149 349 -1 1 0
148 349 -1 1 0
147 349 -1 1 0
146 349 -1 1 0
145 349 -1 1 0
144 349 -1 1 0
143 349 -1 1 0
142 349 -1 1 0
141 349 -1 1 0
140 349 -1 1 0
139 349 -1 1 0
148 348 -1 1 0
147 348 -1 1 0
146 348 -1 1 0
145 348 -1 1 0
144 348 -1 1 0
143 348 -1 1 0
142 348 -1 1 0
141 348 -1 1 0
140 348 -1 1 0
148 347 -1 1 0
147 347 -1 1 0
146 347 -1 1 0
145 347 -1 1 0
144 347 -1 1 0
143 347 -1 1 0
142 347 -1 1 0
141 347 -1 1 0
140 347 -1 1 0
148 346 -1 1 0
147 346 -1 1 0
146 346 -1 1 0
145 346 -1 1 0
144 346 -1 1 0
143 346 -1 1 0
142 346 -1 1 0
141 346 -1 1 0
140 346 -1 1 0
147 345 -1 1 0
146 345 -1 1 0
145 345 -1 1 0
144 345 -1 1 0
143 345 -1 1 0
142 345 -1 1 0
141 345 -1 1 0
144 344 -1 1 0
156 334 -1 1 0
159 333 -1 1 0
158 333 -1 1 0
157 333 -1 1 0
156 333 -1 1 0
155 333 -1 1 0
154 333 -1 1 0
153 333 -1 1 0
160 332 -1 1 0
159 332 -1 1 0
158 332 -1 1 0
157 332 -1 1 0
156 332 -1 1 0
155 332 -1 1 0
154 332 -1 1 0
153 332 -1 1 0
152 332 -1 1 0
160 331 -1 1 0
159 331 -1 1 0
158 331 -1 1 0
157 331 -1 1 0
156 331 -1 1 0
155 331 -1 1 0
154 331 -1 1 0
153 331 -1 1 0
152 331 -1 1 0
139 331 -1 1 0
160 330 -1 1 0
159 330 -1 1 0
158 330 -1 1 0
157 330 -1 1 0
156 330 -1 1 0
155 330 -1 1 0
154 330 -1 1 0
153 330 -1 1 0
152 330 -1 1 0
142 330 -1 1 0
141 330 -1 1 0
140 330 -1 1 0
139 330 -1 1 0
138 330 -1 1 0
137 330 -1 1 0
136 330 -1 1 0
161 329 -1 1 0
160 329 -1 1 0
159 329 -1 1 0
158 329 -1 1 0
157 329 -1 1 0
156 329 -1 1 0
155 329 -1 1 0
154 329 -1 1 0
153 329 -1 1 0
152 329 -1 1 0
151 329 -1 1 0
143 329 -1 1 0
142 329 -1 1 0
141 329 -1 1 0
140 329 -1 1 0
139 329 -1 1 0
138 329 -1 1 0
137 329 -1 1 0
136 329 -1 1 0
135 329 -1 1 0
160 328 -1 1 0
159 328 -1 1 0
158 328 -1 1 0
157 328 -1 1 0
156 328 -1 1 0
155 328 -1 1 0
154 328 -1 1 0
153 328 -1 1 0
152 328 -1 1 0
143 328 -1 1 0
142 328 -1 1 0
141 328 -1 1 0
140 328 -1 1 0
139 328 -1 1 0
138 328 -1 1 0
137 328 -1 1 0
136 328 -1 1 0
135 328 -1 1 0
160 327 -1 1 0
159 327 -1 1 0
158 327 -1 1 0
157 327 -1 1 0
156 327 -1 1 0
155 327 -1 1 0
154 327 -1 1 0
153 327 -1 1 0
152 327 -1 1 0
143 327 -1 1 0
142 327 -1 1 0
141 327 -1 1 0
140 327 -1 1 0
139 327 -1 1 0
138 327 -1 1 0
137 327 -1 1 0
136 327 -1 1 0
135 327 -1 1 0
160 326 -1 1 0
159 326 -1 1 0
158 326 -1 1 0
157 326 -1 1 0
156 326 -1 1 0
155 326 -1 1 0
154 326 -1 1 0
153 326 -1 1 0
152 326 -1 1 0
144 326 -1 1 0
143 326 -1 1 0
142 326 -1 1 0
141 326 -1 1 0
140 326 -1 1 0
139 326 -1 1 0
138 326 -1 1 0
137 326 -1 1 0
136 326 -1 1 0
135 326 -1 1 0
134 326 -1 1 0
223 325 -1 0 0
159 325 -1 1 0
158 325 -1 1 0
157 325 -1 1 0
156 325 -1 1 0
155 325 -1 1 0
154 325 -1 1 0
153 325 -1 1 0
143 325 -1 1 0
142 325 -1 1 0
141 325 -1 1 0
140 325 -1 1 0
139 325 -1 1 0
138 325 -1 1 0
137 325 -1 1 0
136 325 -1 1 0
135 325 -1 1 0
226 324 -1 0 0
225 324 -1 0 0
224 324 -1 0 0
223 324 -1 0 0
222 324 -1 0 0
221 324 -1 0 0
220 324 -1 0 0
156 324 -1 1 0
143 324 -1 1 0
142 324 -1 1 0
141 324 -1 1 0
140 324 -1 1 0
139 324 -1 1 0
138 324 -1 1 0
137 324 -1 1 0
136 324 -1 1 0
135 324 -1 1 0
227 323 -1 0 0
226 323 -1 0 0
225 323 -1 0 0
224 323 -1 0 0
223 323 -1 0 0
222 323 -1 0 0
221 323 -1 0 0
220 323 -1 0 0
219 323 -1 0 0
143 323 -1 1 0
142 323 -1 1 0
141 323 -1 1 0
140 323 -1 1 0
139 323 -1 1 0
138 323 -1 1 0
137 323 -1 1 0
136 323 -1 1 0
135 323 -1 1 0
227 322 -1 0 0
226 322 -1 0 0
225 322 -1 0 0
224 322 -1 0 0
223 322 -1 0 0
222 322 -1 0 0
221 322 -1 0 0
220 322 -1 0 0
219 322 -1 0 0
142 322 -1 1 0
141 322 -1 1 0
140 322 -1 1 0
139 322 -1 1 0
138 322 -1 1 0
137 322 -1 1 0
136 322 -1 1 0
227 321 -1 0 0
226 321 -1 0 0
225 321 -1 0 0
224 321 -1 0 0
223 321 -1 0 0
222 321 -1 0 0
221 321 -1 0 0
220 321 -1 0 0
219 321 -1 0 0
139 321 -1 1 0
228 320 -1 0 0
227 320 -1 0 0
226 320 -1 0 0
225 320 -1 0 0
224 320 -1 0 0
223 320 -1 0 0
222 320 -1 0 0
221 320 -1 0 0
220 320 -1 0 0
219 320 -1 0 0
218 320 -1 0 0
227 319 -1 0 0
226 319 -1 0 0
225 319 -1 0 0
224 319 -1 0 0
223 319 -1 0 0
222 319 -1 0 0
221 319 -1 0 0
220 319 -1 0 0
219 319 -1 0 0
227 318 -1 0 0
226 318 -1 0 0
225 318 -1 0 0
224 318 -1 0 0
223 318 -1 0 0
222 318 -1 0 0
221 318 -1 0 0
220 318 -1 0 0
219 318 -1 0 0
34 318 -1 0 0
227 317 -1 0 0
226 317 -1 0 0
225 317 -1 0 0
224 317 -1 0 0
223 317 -1 0 0
222 317 -1 0 0
221 317 -1 0 0
220 317 -1 0 0
219 317 -1 0 0
153 317 -1 1 0
37 317 -1 0 0
36 317 -1 0 0
35 317 -1 0 0
34 317 -1 0 0
33 317 -1 0 0
32 317 -1 0 0
31 317 -1 0 0
226 316 -1 0 0
225 316 -1 0 0
224 316 -1 0 0
223 316 -1 0 0
222 316 -1 0 0
221 316 -1 0 0
220 316 -1 0 0
156 316 -1 1 0
155 316 -1 1 0
154 316 -1 1 0
153 316 -1 1 0
152 316 -1 1 0
151 316 -1 1 0
150 316 -1 1 0
38 316 -1 0 0
37 316 -1 0 0
36 316 -1 0 0
35 316 -1 0 0
34 316 -1 0 0
33 316 -1 0 0
32 316 -1 0 0
31 316 -1 0 0
30 316 -1 0 0
223 315 -1 0 0
157 315 -1 1 0
156 315 -1 1 0
155 315 -1 1 0
154 315 -1 1 0
153 315 -1 1 0
152 315 -1 1 0
151 315 -1 1 0
150 315 -1 1 0
149 315 -1 1 0
38 315 -1 0 0
37 315 -1 0 0
36 315 -1 0 0
35 315 -1 0 0
34 315 -1 0 0
33 315 -1 0 0
32 315 -1 0 0
31 315 -1 0 0
30 315 -1 0 0
157 314 -1 1 0
156 314 -1 1 0
155 314 -1 1 0
154 314 -1 1 0
153 314 -1 1 0
152 314 -1 1 0
151 314 -1 1 0
150 314 -1 1 0
149 314 -1 1 0
38 314 -1 0 0
37 314 -1 0 0
36 314 -1 0 0
35 314 -1 0 0
34 314 -1 0 0
33 314 -1 0 0
32 314 -1 0 0
31 314 -1 0 0
30 314 -1 0 0
157 313 -1 1 0
156 313 -1 1 0
155 313 -1 1 0
154 313 -1 1 0
153 313 -1 1 0
152 313 -1 1 0
151 313 -1 1 0
150 313 -1 1 0
149 313 -1 1 0
39 313 -1 0 0
38 313 -1 0 0
37 313 -1 0 0
36 313 -1 0 0
35 313 -1 0 0
34 313 -1 0 0
33 313 -1 0 0
32 313 -1 0 0
31 313 -1 0 0
30 313 -1 0 0
29 313 -1 0 0
158 312 -1 1 0
157 312 -1 1 0
156 312 -1 1 0
155 312 -1 1 0
154 312 -1 1 0
153 312 -1 1 0
152 312 -1 1 0
151 312 -1 1 0
150 312 -1 1 0
149 312 -1 1 0
148 312 -1 1 0
38 312 -1 0 0
37 312 -1 0 0
36 312 -1 0 0
35 312 -1 0 0
34 312 -1 0 0
33 312 -1 0 0
32 312 -1 0 0
31 312 -1 0 0
30 312 -1 0 0
157 311 -1 1 0
156 311 -1 1 0
155 311 -1 1 0
154 311 -1 1 0
153 311 -1 1 0
152 311 -1 1 0
151 311 -1 1 0
150 311 -1 1 0
149 311 -1 1 0
38 311 -1 0 0
37 311 -1 0 0
36 311 -1 0 0
35 311 -1 0 0
34 311 -1 0 0
33 311 -1 0 0
32 311 -1 0 0
31 311 -1 0 0
30 311 -1 0 0
157 310 -1 1 0
156 310 -1 1 0
155 310 -1 1 0
154 310 -1 1 0
153 310 -1 1 0
152 310 -1 1 0
151 310 -1 1 0
150 310 -1 1 0
149 310 -1 1 0
38 310 -1 0 0
37 310 -1 0 0
36 310 -1 0 0
35 310 -1 0 0
34 310 -1 0 0
33 310 -1 0 0
32 310 -1 0 0
31 310 -1 0 0
30 310 -1 0 0
157 309 -1 1 0
156 309 -1 1 0
155 309 -1 1 0
154 309 -1 1 0
153 309 -1 1 0
152 309 -1 1 0
151 309 -1 1 0
150 309 -1 1 0
149 309 -1 1 0
37 309 -1 0 0
36 309 -1 0 0
35 309 -1 0 0
34 309 -1 0 0
33 309 -1 0 0
32 309 -1 0 0
31 309 -1 0 0
156 308 -1 1 0
155 308 -1 1 0
154 308 -1 1 0
153 308 -1 1 0
152 308 -1 1 0
151 308 -1 1 0
150 308 -1 1 0
142 308 -1 1 0
34 308 -1 0 0
153 307 -1 1 0
145 307 -1 1 0
144 307 -1 1 0
143 307 -1 1 0
142 307 -1 1 0
141 307 -1 1 0
140 307 -1 1 0
139 307 -1 1 0
146 306 -1 1 0
145 306 -1 1 0
144 306 -1 1 0
143 306 -1 1 0
142 306 -1 1 0
141 306 -1 1 0
140 306 -1 1 0
139 306 -1 1 0
138 306 -1 1 0
146 305 -1 1 0
145 305 -1 1 0
144 305 -1 1 0
143 305 -1 1 0
142 305 -1 1 0
141 305 -1 1 0
140 305 -1 1 0
139 305 -1 1 0
138 305 -1 1 0
146 304 -1 1 0
145 304 -1 1 0
144 304 -1 1 0
143 304 -1 1 0
142 304 -1 1 0
141 304 -1 1 0
140 304 -1 1 0
139 304 -1 1 0
138 304 -1 1 0
147 303 -1 1 0
146 303 -1 1 0
145 303 -1 1 0
144 303 -1 1 0
143 303 -1 1 0
142 303 -1 1 0
141 303 -1 1 0
140 303 -1 1 0
139 303 -1 1 0
138 303 -1 1 0
137 303 -1 1 0
146 302 -1 1 0
145 302 -1 1 0
144 302 -1 1 0
143 302 -1 1 0
142 302 -1 1 0
141 302 -1 1 0
140 302 -1 1 0
139 302 -1 1 0
138 302 -1 1 0
146 301 -1 1 0
145 301 -1 1 0
144 301 -1 1 0
143 301 -1 1 0
142 301 -1 1 0
141 301 -1 1 0
140 301 -1 1 0
139 301 -1 1 0
138 301 -1 1 0
146 300 -1 1 0
145 300 -1 1 0
144 300 -1 1 0
143 300 -1 1 0
142 300 -1 1 0
141 300 -1 1 0
140 300 -1 1 0
139 300 -1 1 0
138 300 -1 1 0
145 299 -1 1 0
144 299 -1 1 0
143 299 -1 1 0
142 299 -1 1 0
141 299 -1 1 0
140 299 -1 1 0
139 299 -1 1 0
142 298 -1 1 0
378 274 -1 0 0
381 273 -1 0 0
380 273 -1 0 0
379 273 -1 0 0
378 273 -1 0 0
377 273 -1 0 0
376 273 -1 0 0
375 273 -1 0 0
382 272 -1 0 0
381 272 -1 0 0
380 272 -1 0 0
379 272 -1 0 0
378 272 -1 0 0
377 272 -1 0 0
376 272 -1 0 0
375 272 -1 0 0
374 272 -1 0 0
382 271 -1 0 0
381 271 -1 0 0
380 271 -1 0 0
379 271 -1 0 0
378 271 -1 0 0
377 271 -1 0 0
376 271 -1 0 0
375 271 -1 0 0
374 271 -1 0 0
382 270 -1 0 0
381 270 -1 0 0
380 270 -1 0 0
379 270 -1 0 0
378 270 -1 0 0
377 270 -1 0 0
376 270 -1 0 0
375 270 -1 0 0
374 270 -1 0 0
383 269 -1 0 0
382 269 -1 0 0
381 269 -1 0 0
380 269 -1 0 0
379 269 -1 0 0
378 269 -1 0 0
377 269 -1 0 0
376 269 -1 0 0
375 269 -1 0 0
374 269 -1 0 0
373 269 -1 0 0
382 268 -1 0 0
381 268 -1 0 0
380 268 -1 0 0
379 268 -1 0 0
378 268 -1 0 0
377 268 -1 0 0
376 268 -1 0 0
375 268 -1 0 0
374 268 -1 0 0
382 267 -1 0 0
381 267 -1 0 0
380 267 -1 0 0
379 267 -1 0 0
378 267 -1 0 0
377 267 -1 0 0
376 267 -1 0 0
375 267 -1 0 0
374 267 -1 0 0
382 266 -1 0 0
381 266 -1 0 0
380 266 -1 0 0
379 266 -1 0 0
378 266 -1 0 0
377 266 -1 0 0
376 266 -1 0 0
375 266 -1 0 0
374 266 -1 0 0
381 265 -1 0 0
380 265 -1 0 0
379 265 -1 0 0
378 265 -1 0 0
377 265 -1 0 0
376 265 -1 0 0
375 265 -1 0 0
378 264 -1 0 0
334 264 -1 0 0
337 263 -1 0 0
336 263 -1 0 0
335 263 -1 0 0
334 263 -1 0 0
333 263 -1 0 0
332 263 -1 0 0
331 263 -1 0 0
338 262 -1 0 0
337 262 -1 0 0
336 262 -1 0 0
335 262 -1 0 0
334 262 -1 0 0
333 262 -1 0 0
332 262 -1 0 0
331 262 -1 0 0
330 262 -1 0 0
338 261 -1 0 0
337 261 -1 0 0
336 261 -1 0 0
335 261 -1 0 0
334 261 -1 0 0
333 261 -1 0 0
332 261 -1 0 0
331 261 -1 0 0
330 261 -1 0 0
338 260 -1 0 0
337 260 -1 0 0
336 260 -1 0 0
335 260 -1 0 0
334 260 -1 0 0
333 260 -1 0 0
332 260 -1 0 0
331 260 -1 0 0
330 260 -1 0 0
339 259 -1 0 0
338 259 -1 0 0
337 259 -1 0 0
336 259 -1 0 0
335 259 -1 0 0
334 259 -1 0 0
333 259 -1 0 0
332 259 -1 0 0
331 259 -1 0 0
330 259 -1 0 0
329 259 -1 0 0
338 258 -1 0 0
337 258 -1 0 0
336 258 -1 0 0
335 258 -1 0 0
334 258 -1 0 0
333 258 -1 0 0
332 258 -1 0 0
331 258 -1 0 0
330 258 -1 0 0
338 257 -1 0 0
337 257 -1 0 0
336 257 -1 0 0
335 257 -1 0 0
334 257 -1 0 0
333 257 -1 0 0
332 257 -1 0 0
331 257 -1 0 0
330 257 -1 0 0
338 256 -1 0 0
337 256 -1 0 0
336 256 -1 0 0
335 256 -1 0 0
334 256 -1 0 0
333 256 -1 0 0
332 256 -1 0 0
331 256 -1 0 0
330 256 -1 0 0
337 255 -1 0 0
336 255 -1 0 0
335 255 -1 0 0
334 255 -1 0 0
333 255 -1 0 0
332 255 -1 0 0
331 255 -1 0 0
334 254 -1 0 0
223 157 -1 0 0
226 156 -1 0 0
225 156 -1 0 0
224 156 -1 0 0
223 156 -1 0 0
222 156 -1 0 0
221 156 -1 0 0
220 156 -1 0 0
227 155 -1 0 0
226 155 -1 0 0
225 155 -1 0 0
224 155 -1 0 0
223 155 -1 0 0
222 155 -1 0 0
221 155 -1 0 0
220 155 -1 0 0
219 155 -1 0 0
227 154 -1 0 0
226 154 -1 0 0
225 154 -1 0 0
224 154 -1 0 0
223 154 -1 0 0
222 154 -1 0 0
221 154 -1 0 0
220 154 -1 0 0
219 154 -1 0 0
227 153 -1 0 0
226 153 -1 0 0
225 153 -1 0 0
224 153 -1 0 0
223 153 -1 0 0
222 153 -1 0 0
221 153 -1 0 0
220 153 -1 0 0
219 153 -1 0 0
228 152 -1 0 0
227 152 -1 0 0
226 152 -1 0 0
225 152 -1 0 0
224 152 -1 0 0
223 152 -1 0 0
222 152 -1 0 0
221 152 -1 0 0
220 152 -1 0 0
219 152 -1 0 0
218 152 -1 0 0
227 151 -1 0 0
226 151 -1 0 0
225 151 -1 0 0
224 151 -1 0 0
223 151 -1 0 0
222 151 -1 0 0
221 151 -1 0 0
220 151 -1 0 0
219 151 -1 0 0
227 150 -1 0 0
226 150 -1 0 0
225 150 -1 0 0
224 150 -1 0 0
223 150 -1 0 0
222 150 -1 0 0
221 150 -1 0 0
220 150 -1 0 0
219 150 -1 0 0
227 149 -1 0 0
226 149 -1 0 0
225 149 -1 0 0
224 149 -1 0 0
223 149 -1 0 0
222 149 -1 0 0
221 149 -1 0 0
220 149 -1 0 0
219 149 -1 0 0
226 148 -1 0 0
225 148 -1 0 0
224 148 -1 0 0
223 148 -1 0 0
222 148 -1 0 0
221 148 -1 0 0
220 148 -1 0 0
223 147 -1 0 0
358 86 -1 0 0
361 85 -1 0 0
360 85 -1 0 0
359 85 -1 0 0
358 85 -1 0 0
357 85 -1 0 0
356 85 -1 0 0
355 85 -1 0 0
362 84 -1 0 0
361 84 -1 0 0
360 84 -1 0 0
359 84 -1 0 0
358 84 -1 0 0
357 84 -1 0 0
356 84 -1 0 0
355 84 -1 0 0
354 84 -1 0 0
362 83 -1 0 0
361 83 -1 0 0
360 83 -1 0 0
359 83 -1 0 0
358 83 -1 0 0
357 83 -1 0 0
356 83 -1 0 0
355 83 -1 0 0
354 83 -1 0 0
362 82 -1 0 0
361 82 -1 0 0
360 82 -1 0 0
359 82 -1 0 0
358 82 -1 0 0
357 82 -1 0 0
356 82 -1 0 0
355 82 -1 0 0
354 82 -1 0 0
363 81 -1 0 0
362 81 -1 0 0
361 81 -1 0 0
360 81 -1 0 0
359 81 -1 0 0
358 81 -1 0 0
357 81 -1 0 0
356 81 -1 0 0
355 81 -1 0 0
354 81 -1 0 0
353 81 -1 0 0
362 80 -1 0 0
361 80 -1 0 0
360 80 -1 0 0
359 80 -1 0 0
358 80 -1 0 0
357 80 -1 0 0
356 80 -1 0 0
355 80 -1 0 0
354 80 -1 0 0
362 79 -1 0 0
361 79 -1 0 0
360 79 -1 0 0
359 79 -1 0 0
358 79 -1 0 0
357 79 -1 0 0
356 79 -1 0 0
355 79 -1 0 0
354 79 -1 0 0
362 78 -1 0 0
361 78 -1 0 0
360 78 -1 0 0
359 78 -1 0 0
358 78 -1 0 0
357 78 -1 0 0
356 78 -1 0 0
355 78 -1 0 0
354 78 -1 0 0
361 77 -1 0 0
360 77 -1 0 0
359 77 -1 0 0
358 77 -1 0 0
357 77 -1 0 0
356 77 -1 0 0
355 77 -1 0 0
358 76 -1 0 0
