486 240 240
212 205 -1 1 0
215 204 -1 1 0
214 204 -1 1 0
213 204 -1 1 0
212 204 -1 1 0
211 204 -1 1 0
210 204 -1 1 0
209 204 -1 1 0
216 203 -1 1 0
215 203 -1 1 0
214 203 -1 1 0
213 203 -1 1 0
212 203 -1 1 0
211 203 -1 1 0
210 203 -1 1 0
209 203 -1 1 0
208 203 -1 1 0
216 202 -1 1 0
215 202 -1 1 0
214 202 -1 1 0
213 202 -1 1 0
212 202 -1 1 0
211 202 -1 1 0
210 202 -1 1 0
209 202 -1 1 0
208 202 -1 1 0
216 201 -1 1 0
215 201 -1 1 0
214 201 -1 1 0
213 201 -1 1 0
212 201 -1 1 0
211 201 -1 1 0
210 201 -1 1 0
209 201 -1 1 0
208 201 -1 1 0
217 200 -1 1 0
216 200 -1 1 0
215 200 -1 1 0
214 200 -1 1 0
213 200 -1 1 0
212 200 -1 1 0
211 200 -1 1 0
210 200 -1 1 0
209 200 -1 1 0
208 200 -1 1 0
207 200 -1 1 0
216 199 -1 1 0
215 199 -1 1 0
214 199 -1 1 0
213 199 -1 1 0
212 199 -1 1 0
211 199 -1 1 0
210 199 -1 1 0
209 199 -1 1 0
208 199 -1 1 0
216 198 -1 1 0
215 198 -1 1 0
214 198 -1 1 0
213 198 -1 1 0
212 198 -1 1 0
211 198 -1 1 0
210 198 -1 1 0
209 198 -1 1 0
208 198 -1 1 0
216 197 -1 1 0
215 197 -1 1 0
214 197 -1 1 0
213 197 -1 1 0
212 197 -1 1 0
211 197 -1 1 0
210 197 -1 1 0
209 197 -1 1 0
208 197 -1 1 0
215 196 -1 1 0
214 196 -1 1 0
213 196 -1 1 0
212 196 -1 1 0
211 196 -1 1 0
210 196 -1 1 0
209 196 -1 1 0
212 195 -1 1 0
107 153 -1 0 0
110 152 -1 0 0
109 152 -1 0 0
108 152 -1 0 0
107 152 -1 0 0
106 152 -1 0 0
105 152 -1 0 0
104 152 -1 0 0
111 151 -1 0 0
110 151 -1 0 0
109 151 -1 0 0
108 151 -1 0 0
107 151 -1 0 0
106 151 -1 0 0
105 151 -1 0 0
104 151 -1 0 0
103 151 -1 0 0
111 150 -1 0 0
110 150 -1 0 0
109 150 -1 0 0
108 150 -1 0 0
107 150 -1 0 0
106 150 -1 0 0
105 150 -1 0 0
104 150 -1 0 0
103 150 -1 0 0
111 149 -1 0 0
110 149 -1 0 0
109 149 -1 0 0
108 149 -1 0 0
107 149 -1 0 0
106 149 -1 0 0
105 149 -1 0 0
104 149 -1 0 0
103 149 -1 0 0
112 148 -1 0 0
111 148 -1 0 0
110 148 -1 0 0
109 148 -1 0 0
108 148 -1 0 0
107 148 -1 0 0
106 148 -1 0 0
105 148 -1 0 0
104 148 -1 0 0
103 148 -1 0 0
102 148 -1 0 0
111 147 -1 0 0
110 147 -1 0 0
109 147 -1 0 0
108 147 -1 0 0
107 147 -1 0 0
106 147 -1 0 0
105 147 -1 0 0
104 147 -1 0 0
103 147 -1 0 0
111 146 -1 0 0
110 146 -1 0 0
109 146 -1 0 0
108 146 -1 0 0
107 146 -1 0 0
106 146 -1 0 0
105 146 -1 0 0
104 146 -1 0 0
103 146 -1 0 0
111 145 -1 0 0
110 145 -1 0 0
109 145 -1 0 0
108 145 -1 0 0
107 145 -1 0 0
106 145 -1 0 0
105 145 -1 0 0
104 145 -1 0 0
103 145 -1 0 0
110 144 -1 0 0
109 144 -1 0 0
108 144 -1 0 0
107 144 -1 0 0
106 144 -1 0 0
105 144 -1 0 0
104 144 -1 0 0
107 143 -1 0 0
138 138 -1 1 0
141 137 -1 1 0
140 137 -1 1 0
139 137 -1 1 0
138 137 -1 1 0
137 137 -1 1 0
136 137 -1 1 0
135 137 -1 1 0
142 136 -1 1 0
141 136 -1 1 0
140 136 -1 1 0
139 136 -1 1 0
138 136 -1 1 0
137 136 -1 1 0
136 136 -1 1 0
135 136 -1 1 0
134 136 -1 1 0
142 135 -1 1 0
141 135 -1 1 0
140 135 -1 1 0
139 135 -1 1 0
138 135 -1 1 0
137 135 -1 1 0
136 135 -1 1 0
135 135 -1 1 0
134 135 -1 1 0
142 134 -1 1 0
141 134 -1 1 0
140 134 -1 1 0
139 134 -1 1 0
138 134 -1 1 0
137 134 -1 1 0
136 134 -1 1 0
135 134 -1 1 0
134 134 -1 1 0
143 133 -1 1 0
142 133 -1 1 0
141 133 -1 1 0
140 133 -1 1 0
139 133 -1 1 0
138 133 -1 1 0
137 133 -1 1 0
136 133 -1 1 0
135 133 -1 1 0
134 133 -1 1 0
133 133 -1 1 0
142 132 -1 1 0
141 132 -1 1 0
140 132 -1 1 0
139 132 -1 1 0
138 132 -1 1 0
137 132 -1 1 0
136 132 -1 1 0
135 132 -1 1 0
134 132 -1 1 0
142 131 -1 1 0
141 131 -1 1 0
140 131 -1 1 0
139 131 -1 1 0
138 131 -1 1 0
137 131 -1 1 0
136 131 -1 1 0
135 131 -1 1 0
134 131 -1 1 0
142 130 -1 1 0
141 130 -1 1 0
140 130 -1 1 0
139 130 -1 1 0
138 130 -1 1 0
137 130 -1 1 0
136 130 -1 1 0
135 130 -1 1 0
134 130 -1 1 0
141 129 -1 1 0
140 129 -1 1 0
139 129 -1 1 0
138 129 -1 1 0
137 129 -1 1 0
136 129 -1 1 0
135 129 -1 1 0
138 128 -1 1 0
93 118 -1 0 0
96 117 -1 0 0
95 117 -1 0 0
94 117 -1 0 0
93 117 -1 0 0
92 117 -1 0 0
91 117 -1 0 0
90 117 -1 0 0
97 116 -1 0 0
96 116 -1 0 0
95 116 -1 0 0
94 116 -1 0 0
93 116 -1 0 0
92 116 -1 0 0
91 116 -1 0 0
90 116 -1 0 0
89 116 -1 0 0
133 115 -1 1 0
97 115 -1 0 0
96 115 -1 0 0
95 115 -1 0 0
94 115 -1 0 0
93 115 -1 0 0
92 115 -1 0 0
91 115 -1 0 0
90 115 -1 0 0
89 115 -1 0 0
136 114 -1 1 0
135 114 -1 1 0
134 114 -1 1 0
133 114 -1 1 0
132 114 -1 1 0
131 114 -1 1 0
130 114 -1 1 0
97 114 -1 0 0
96 114 -1 0 0
95 114 -1 0 0
94 114 -1 0 0
93 114 -1 0 0
92 114 -1 0 0
91 114 -1 0 0
90 114 -1 0 0
89 114 -1 0 0
137 113 -1 1 0
136 113 -1 1 0
135 113 -1 1 0
134 113 -1 1 0
133 113 -1 1 0
132 113 -1 1 0
131 113 -1 1 0
130 113 -1 1 0
129 113 -1 1 0
98 113 -1 0 0
97 113 -1 0 0
96 113 -1 0 0
95 113 -1 0 0
94 113 -1 0 0
93 113 -1 0 0
92 113 -1 0 0
91 113 -1 0 0
90 113 -1 0 0
89 113 -1 0 0
88 113 -1 0 0
137 112 -1 1 0
136 112 -1 1 0
135 112 -1 1 0
134 112 -1 1 0
133 112 -1 1 0
132 112 -1 1 0
131 112 -1 1 0
130 112 -1 1 0
129 112 -1 1 0
97 112 -1 0 0
96 112 -1 0 0
95 112 -1 0 0
94 112 -1 0 0
93 112 -1 0 0
92 112 -1 0 0
91 112 -1 0 0
90 112 -1 0 0
89 112 -1 0 0
137 111 -1 1 0
136 111 -1 1 0
135 111 -1 1 0
134 111 -1 1 0
133 111 -1 1 0
132 111 -1 1 0
131 111 -1 1 0
130 111 -1 1 0
129 111 -1 1 0
97 111 -1 0 0
96 111 -1 0 0
95 111 -1 0 0
94 111 -1 0 0
93 111 -1 0 0
92 111 -1 0 0
91 111 -1 0 0
90 111 -1 0 0
89 111 -1 0 0
138 110 -1 1 0
137 110 -1 1 0
136 110 -1 1 0
135 110 -1 1 0
134 110 -1 1 0
133 110 -1 1 0
132 110 -1 1 0
131 110 -1 1 0
130 110 -1 1 0
129 110 -1 1 0
128 110 -1 1 0
97 110 -1 0 0
96 110 -1 0 0
95 110 -1 0 0
94 110 -1 0 0
93 110 -1 0 0
92 110 -1 0 0
91 110 -1 0 0
90 110 -1 0 0
89 110 -1 0 0
137 109 -1 1 0
136 109 -1 1 0
135 109 -1 1 0
134 109 -1 1 0
133 109 -1 1 0
132 109 -1 1 0
131 109 -1 1 0
130 109 -1 1 0
129 109 -1 1 0
96 109 -1 0 0
95 109 -1 0 0
94 109 -1 0 0
93 109 -1 0 0
92 109 -1 0 0
91 109 -1 0 0
90 109 -1 0 0
137 108 -1 1 0
136 108 -1 1 0
135 108 -1 1 0
134 108 -1 1 0
133 108 -1 1 0
132 108 -1 1 0
131 108 -1 1 0
130 108 -1 1 0
129 108 -1 1 0
93 108 -1 0 0
137 107 -1 1 0
136 107 -1 1 0
135 107 -1 1 0
134 107 -1 1 0
133 107 -1 1 0
132 107 -1 1 0
131 107 -1 1 0
130 107 -1 1 0
129 107 -1 1 0
136 106 -1 1 0
135 106 -1 1 0
134 106 -1 1 0
133 106 -1 1 0
132 106 -1 1 0
131 106 -1 1 0
130 106 -1 1 0
133 105 -1 1 0
143 86 -1 1 0
146 85 -1 1 0
145 85 -1 1 0
144 85 -1 1 0
143 85 -1 1 0
142 85 -1 1 0
141 85 -1 1 0
140 85 -1 1 0
147 84 -1 1 0
146 84 -1 1 0
145 84 -1 1 0
144 84 -1 1 0
143 84 -1 1 0
142 84 -1 1 0
141 84 -1 1 0
140 84 -1 1 0
139 84 -1 1 0
147 83 -1 1 0
146 83 -1 1 0
145 83 -1 1 0
144 83 -1 1 0
143 83 -1 1 0
142 83 -1 1 0
141 83 -1 1 0
140 83 -1 1 0
139 83 -1 1 0
147 82 -1 1 0
146 82 -1 1 0
145 82 -1 1 0
144 82 -1 1 0
143 82 -1 1 0
142 82 -1 1 0
141 82 -1 1 0
140 82 -1 1 0
139 82 -1 1 0
148 81 -1 1 0
147 81 -1 1 0
146 81 -1 1 0
145 81 -1 1 0
144 81 -1 1 0
143 81 -1 1 0
142 81 -1 1 0
141 81 -1 1 0
140 81 -1 1 0
139 81 -1 1 0
138 81 -1 1 0
147 80 -1 1 0
146 80 -1 1 0
145 80 -1 1 0
144 80 -1 1 0
143 80 -1 1 0
142 80 -1 1 0
141 80 -1 1 0
140 80 -1 1 0
139 80 -1 1 0
147 79 -1 1 0
146 79 -1 1 0
145 79 -1 1 0
144 79 -1 1 0
143 79 -1 1 0
142 79 -1 1 0
141 79 -1 1 0
140 79 -1 1 0
139 79 -1 1 0
147 78 -1 1 0
146 78 -1 1 0
145 78 -1 1 0
144 78 -1 1 0
143 78 -1 1 0
142 78 -1 1 0
141 78 -1 1 0
140 78 -1 1 0
139 78 -1 1 0
146 77 -1 1 0
145 77 -1 1 0
144 77 -1 1 0
143 77 -1 1 0
142 77 -1 1 0
141 77 -1 1 0
140 77 -1 1 0
143 76 -1 1 0
