324 240 240
94 163 -1 0 0
97 162 -1 0 0
96 162 -1 0 0
95 162 -1 0 0
94 162 -1 0 0
93 162 -1 0 0
92 162 -1 0 0
91 162 -1 0 0
176 161 -1 0 0
98 161 -1 0 0
97 161 -1 0 0
96 161 -1 0 0
95 161 -1 0 0
94 161 -1 0 0
93 161 -1 0 0
92 161 -1 0 0
91 161 -1 0 0
90 161 -1 0 0
179 160 -1 0 0
178 160 -1 0 0
177 160 -1 0 0
176 160 -1 0 0
175 160 -1 0 0
174 160 -1 0 0
173 160 -1 0 0
98 160 -1 0 0
97 160 -1 0 0
96 160 -1 0 0
95 160 -1 0 0
94 160 -1 0 0
93 160 -1 0 0
92 160 -1 0 0
91 160 -1 0 0
90 160 -1 0 0
180 159 -1 0 0
179 159 -1 0 0
178 159 -1 0 0
177 159 -1 0 0
176 159 -1 0 0
175 159 -1 0 0
174 159 -1 0 0
173 159 -1 0 0
172 159 -1 0 0
98 159 -1 0 0
97 159 -1 0 0
96 159 -1 0 0
95 159 -1 0 0
94 159 -1 0 0
93 159 -1 0 0
92 159 -1 0 0
91 159 -1 0 0
90 159 -1 0 0
180 158 -1 0 0
179 158 -1 0 0
178 158 -1 0 0
177 158 -1 0 0
176 158 -1 0 0
175 158 -1 0 0
174 158 -1 0 0
173 158 -1 0 0
172 158 -1 0 0
99 158 -1 0 0
98 158 -1 0 0
97 158 -1 0 0
96 158 -1 0 0
95 158 -1 0 0
94 158 -1 0 0
93 158 -1 0 0
92 158 -1 0 0
91 158 -1 0 0
90 158 -1 0 0
89 158 -1 0 0
180 157 -1 0 0
179 157 -1 0 0
178 157 -1 0 0
177 157 -1 0 0
176 157 -1 0 0
175 157 -1 0 0
174 157 -1 0 0
173 157 -1 0 0
172 157 -1 0 0
98 157 -1 0 0
97 157 -1 0 0
96 157 -1 0 0
95 157 -1 0 0
94 157 -1 0 0
93 157 -1 0 0
92 157 -1 0 0
91 157 -1 0 0
90 157 -1 0 0
181 156 -1 0 0
180 156 -1 0 0
179 156 -1 0 0
178 156 -1 0 0
177 156 -1 0 0
176 156 -1 0 0
175 156 -1 0 0
174 156 -1 0 0
173 156 -1 0 0
172 156 -1 0 0
171 156 -1 0 0
98 156 -1 0 0
97 156 -1 0 0
96 156 -1 0 0
95 156 -1 0 0
94 156 -1 0 0
93 156 -1 0 0
92 156 -1 0 0
91 156 -1 0 0
90 156 -1 0 0
180 155 -1 0 0
179 155 -1 0 0
178 155 -1 0 0
177 155 -1 0 0
176 155 -1 0 0
175 155 -1 0 0
174 155 -1 0 0
173 155 -1 0 0
172 155 -1 0 0
98 155 -1 0 0
97 155 -1 0 0
96 155 -1 0 0
95 155 -1 0 0
94 155 -1 0 0
93 155 -1 0 0
92 155 -1 0 0
91 155 -1 0 0
90 155 -1 0 0
180 154 -1 0 0
179 154 -1 0 0
178 154 -1 0 0
177 154 -1 0 0
176 154 -1 0 0
175 154 -1 0 0
174 154 -1 0 0
173 154 -1 0 0
172 154 -1 0 0
97 154 -1 0 0
96 154 -1 0 0
95 154 -1 0 0
94 154 -1 0 0
93 154 -1 0 0
92 154 -1 0 0
91 154 -1 0 0
180 153 -1 0 0
179 153 -1 0 0
178 153 -1 0 0
177 153 -1 0 0
176 153 -1 0 0
175 153 -1 0 0
174 153 -1 0 0
173 153 -1 0 0
172 153 -1 0 0
94 153 -1 0 0
179 152 -1 0 0
178 152 -1 0 0
177 152 -1 0 0
176 152 -1 0 0
175 152 -1 0 0
174 152 -1 0 0
173 152 -1 0 0
176 151 -1 0 0
158 123 -1 1 0
161 122 -1 1 0
160 122 -1 1 0
159 122 -1 1 0
158 122 -1 1 0
157 122 -1 1 0
156 122 -1 1 0
155 122 -1 1 0
162 121 -1 1 0
161 121 -1 1 0
160 121 -1 1 0
159 121 -1 1 0
158 121 -1 1 0
157 121 -1 1 0
156 121 -1 1 0
155 121 -1 1 0
154 121 -1 1 0
162 120 -1 1 0
161 120 -1 1 0
160 120 -1 1 0
159 120 -1 1 0
158 120 -1 1 0
157 120 -1 1 0
156 120 -1 1 0
155 120 -1 1 0
154 120 -1 1 0
162 119 -1 1 0
161 119 -1 1 0
160 119 -1 1 0
159 119 -1 1 0
158 119 -1 1 0
157 119 -1 1 0
156 119 -1 1 0
155 119 -1 1 0
154 119 -1 1 0
163 118 -1 1 0
162 118 -1 1 0
161 118 -1 1 0
160 118 -1 1 0
159 118 -1 1 0
158 118 -1 1 0
157 118 -1 1 0
156 118 -1 1 0
155 118 -1 1 0
154 118 -1 1 0
153 118 -1 1 0
162 117 -1 1 0
161 117 -1 1 0
160 117 -1 1 0
159 117 -1 1 0
158 117 -1 1 0
157 117 -1 1 0
156 117 -1 1 0
155 117 -1 1 0
154 117 -1 1 0
162 116 -1 1 0
161 116 -1 1 0
160 116 -1 1 0
159 116 -1 1 0
158 116 -1 1 0
157 116 -1 1 0
156 116 -1 1 0
155 116 -1 1 0
154 116 -1 1 0
162 115 -1 1 0
161 115 -1 1 0
160 115 -1 1 0
159 115 -1 1 0
158 115 -1 1 0
157 115 -1 1 0
156 115 -1 1 0
155 115 -1 1 0
154 115 -1 1 0
161 114 -1 1 0
160 114 -1 1 0
159 114 -1 1 0
158 114 -1 1 0
157 114 -1 1 0
156 114 -1 1 0
155 114 -1 1 0
158 113 -1 1 0
163 101 -1 1 0
166 100 -1 1 0
165 100 -1 1 0
164 100 -1 1 0
163 100 -1 1 0
162 100 -1 1 0
161 100 -1 1 0
160 100 -1 1 0
167 99 -1 1 0
166 99 -1 1 0
165 99 -1 1 0
164 99 -1 1 0
163 99 -1 1 0
162 99 -1 1 0
161 99 -1 1 0
160 99 -1 1 0
159 99 -1 1 0
167 98 -1 1 0
166 98 -1 1 0
165 98 -1 1 0
164 98 -1 1 0
163 98 -1 1 0
162 98 -1 1 0
161 98 -1 1 0
160 98 -1 1 0
159 98 -1 1 0
167 97 -1 1 0
166 97 -1 1 0
165 97 -1 1 0
164 97 -1 1 0
163 97 -1 1 0
162 97 -1 1 0
161 97 -1 1 0
160 97 -1 1 0
159 97 -1 1 0
168 96 -1 1 0
167 96 -1 1 0
166 96 -1 1 0
165 96 -1 1 0
164 96 -1 1 0
163 96 -1 1 0
162 96 -1 1 0
161 96 -1 1 0
160 96 -1 1 0
159 96 -1 1 0
158 96 -1 1 0
167 95 -1 1 0
166 95 -1 1 0
165 95 -1 1 0
164 95 -1 1 0
163 95 -1 1 0
162 95 -1 1 0
161 95 -1 1 0
160 95 -1 1 0
159 95 -1 1 0
167 94 -1 1 0
166 94 -1 1 0
165 94 -1 1 0
164 94 -1 1 0
163 94 -1 1 0
162 94 -1 1 0
161 94 -1 1 0
160 94 -1 1 0
159 94 -1 1 0
167 93 -1 1 0
166 93 -1 1 0
165 93 -1 1 0
164 93 -1 1 0
163 93 -1 1 0
162 93 -1 1 0
161 93 -1 1 0
160 93 -1 1 0
159 93 -1 1 0
166 92 -1 1 0
165 92 -1 1 0
164 92 -1 1 0
163 92 -1 1 0
162 92 -1 1 0
161 92 -1 1 0
160 92 -1 1 0
163 91 -1 1 0
