405 240 240
95 159 -1 0 0
98 158 -1 0 0
97 158 -1 0 0
96 158 -1 0 0
95 158 -1 0 0
94 158 -1 0 0
93 158 -1 0 0
92 158 -1 0 0
99 157 -1 0 0
98 157 -1 0 0
97 157 -1 0 0
96 157 -1 0 0
95 157 -1 0 0
94 157 -1 0 0
93 157 -1 0 0
92 157 -1 0 0
91 157 -1 0 0
99 156 -1 0 0
98 156 -1 0 0
97 156 -1 0 0
96 156 -1 0 0
95 156 -1 0 0
94 156 -1 0 0
93 156 -1 0 0
92 156 -1 0 0
91 156 -1 0 0
99 155 -1 0 0
98 155 -1 0 0
97 155 -1 0 0
96 155 -1 0 0
95 155 -1 0 0
94 155 -1 0 0
93 155 -1 0 0
92 155 -1 0 0
91 155 -1 0 0
100 154 -1 0 0
99 154 -1 0 0
98 154 -1 0 0
97 154 -1 0 0
96 154 -1 0 0
95 154 -1 0 0
94 154 -1 0 0
93 154 -1 0 0
92 154 -1 0 0
91 154 -1 0 0
90 154 -1 0 0
99 153 -1 0 0
98 153 -1 0 0
97 153 -1 0 0
96 153 -1 0 0
95 153 -1 0 0
94 153 -1 0 0
93 153 -1 0 0
92 153 -1 0 0
91 153 -1 0 0
99 152 -1 0 0
98 152 -1 0 0
97 152 -1 0 0
96 152 -1 0 0
95 152 -1 0 0
94 152 -1 0 0
93 152 -1 0 0
92 152 -1 0 0
91 152 -1 0 0
99 151 -1 0 0
98 151 -1 0 0
97 151 -1 0 0
96 151 -1 0 0
95 151 -1 0 0
94 151 -1 0 0
93 151 -1 0 0
92 151 -1 0 0
91 151 -1 0 0
98 150 -1 0 0
97 150 -1 0 0
96 150 -1 0 0
95 150 -1 0 0
94 150 -1 0 0
93 150 -1 0 0
92 150 -1 0 0
95 149 -1 0 0
154 145 -1 0 0
157 144 -1 0 0
156 144 -1 0 0
155 144 -1 0 0
154 144 -1 0 0
153 144 -1 0 0
152 144 -1 0 0
151 144 -1 0 0
158 143 -1 0 0
157 143 -1 0 0
156 143 -1 0 0
155 143 -1 0 0
154 143 -1 0 0
153 143 -1 0 0
152 143 -1 0 0
151 143 -1 0 0
150 143 -1 0 0
158 142 -1 0 0
157 142 -1 0 0
156 142 -1 0 0
155 142 -1 0 0
154 142 -1 0 0
153 142 -1 0 0
152 142 -1 0 0
151 142 -1 0 0
150 142 -1 0 0
158 141 -1 0 0
157 141 -1 0 0
156 141 -1 0 0
155 141 -1 0 0
154 141 -1 0 0
153 141 -1 0 0
152 141 -1 0 0
151 141 -1 0 0
150 141 -1 0 0
159 140 -1 0 0
158 140 -1 0 0
157 140 -1 0 0
156 140 -1 0 0
155 140 -1 0 0
154 140 -1 0 0
153 140 -1 0 0
152 140 -1 0 0
151 140 -1 0 0
150 140 -1 0 0
149 140 -1 0 0
158 139 -1 0 0
157 139 -1 0 0
156 139 -1 0 0
155 139 -1 0 0
154 139 -1 0 0
153 139 -1 0 0
152 139 -1 0 0
151 139 -1 0 0
150 139 -1 0 0
158 138 -1 0 0
157 138 -1 0 0
156 138 -1 0 0
155 138 -1 0 0
154 138 -1 0 0
153 138 -1 0 0
152 138 -1 0 0
151 138 -1 0 0
150 138 -1 0 0
158 137 -1 0 0
157 137 -1 0 0
156 137 -1 0 0
155 137 -1 0 0
154 137 -1 0 0
153 137 -1 0 0
152 137 -1 0 0
151 137 -1 0 0
150 137 -1 0 0
157 136 -1 0 0
156 136 -1 0 0
155 136 -1 0 0
154 136 -1 0 0
153 136 -1 0 0
152 136 -1 0 0
151 136 -1 0 0
154 135 -1 0 0
140 112 -1 1 0
143 111 -1 1 0
142 111 -1 1 0
141 111 -1 1 0
140 111 -1 1 0
139 111 -1 1 0
138 111 -1 1 0
137 111 -1 1 0
144 110 -1 1 0
143 110 -1 1 0
142 110 -1 1 0
141 110 -1 1 0
140 110 -1 1 0
139 110 -1 1 0
138 110 -1 1 0
137 110 -1 1 0
136 110 -1 1 0
144 109 -1 1 0
143 109 -1 1 0
142 109 -1 1 0
141 109 -1 1 0
140 109 -1 1 0
139 109 -1 1 0
138 109 -1 1 0
137 109 -1 1 0
136 109 -1 1 0
144 108 -1 1 0
143 108 -1 1 0
142 108 -1 1 0
141 108 -1 1 0
140 108 -1 1 0
139 108 -1 1 0
138 108 -1 1 0
137 108 -1 1 0
136 108 -1 1 0
145 107 -1 1 0
144 107 -1 1 0
143 107 -1 1 0
142 107 -1 1 0
141 107 -1 1 0
140 107 -1 1 0
139 107 -1 1 0
138 107 -1 1 0
137 107 -1 1 0
136 107 -1 1 0
135 107 -1 1 0
144 106 -1 1 0
143 106 -1 1 0
142 106 -1 1 0
141 106 -1 1 0
140 106 -1 1 0
139 106 -1 1 0
138 106 -1 1 0
137 106 -1 1 0
136 106 -1 1 0
144 105 -1 1 0
143 105 -1 1 0
142 105 -1 1 0
141 105 -1 1 0
140 105 -1 1 0
139 105 -1 1 0
138 105 -1 1 0
137 105 -1 1 0
136 105 -1 1 0
144 104 -1 1 0
143 104 -1 1 0
142 104 -1 1 0
141 104 -1 1 0
140 104 -1 1 0
139 104 -1 1 0
138 104 -1 1 0
137 104 -1 1 0
136 104 -1 1 0
143 103 -1 1 0
142 103 -1 1 0
141 103 -1 1 0
140 103 -1 1 0
139 103 -1 1 0
138 103 -1 1 0
137 103 -1 1 0
140 102 -1 1 0
133 84 -1 1 0
136 83 -1 1 0
135 83 -1 1 0
134 83 -1 1 0
133 83 -1 1 0
132 83 -1 1 0
131 83 -1 1 0
130 83 -1 1 0
137 82 -1 1 0
136 82 -1 1 0
135 82 -1 1 0
134 82 -1 1 0
133 82 -1 1 0
132 82 -1 1 0
131 82 -1 1 0
130 82 -1 1 0
129 82 -1 1 0
137 81 -1 1 0
136 81 -1 1 0
135 81 -1 1 0
134 81 -1 1 0
133 81 -1 1 0
132 81 -1 1 0
131 81 -1 1 0
130 81 -1 1 0
129 81 -1 1 0
137 80 -1 1 0
136 80 -1 1 0
135 80 -1 1 0
134 80 -1 1 0
133 80 -1 1 0
132 80 -1 1 0
131 80 -1 1 0
130 80 -1 1 0
129 80 -1 1 0
138 79 -1 1 0
137 79 -1 1 0
136 79 -1 1 0
135 79 -1 1 0
134 79 -1 1 0
133 79 -1 1 0
132 79 -1 1 0
131 79 -1 1 0
130 79 -1 1 0
129 79 -1 1 0
128 79 -1 1 0
137 78 -1 1 0
136 78 -1 1 0
135 78 -1 1 0
134 78 -1 1 0
133 78 -1 1 0
132 78 -1 1 0
131 78 -1 1 0
130 78 -1 1 0
129 78 -1 1 0
137 77 -1 1 0
136 77 -1 1 0
135 77 -1 1 0
134 77 -1 1 0
133 77 -1 1 0
132 77 -1 1 0
131 77 -1 1 0
130 77 -1 1 0
129 77 -1 1 0
137 76 -1 1 0
136 76 -1 1 0
135 76 -1 1 0
134 76 -1 1 0
133 76 -1 1 0
132 76 -1 1 0
131 76 -1 1 0
130 76 -1 1 0
129 76 -1 1 0
136 75 -1 1 0
135 75 -1 1 0
134 75 -1 1 0
133 75 -1 1 0
132 75 -1 1 0
131 75 -1 1 0
130 75 -1 1 0
133 74 -1 1 0
146 73 -1 1 0
149 72 -1 1 0
148 72 -1 1 0
147 72 -1 1 0
146 72 -1 1 0
145 72 -1 1 0
144 72 -1 1 0
143 72 -1 1 0
150 71 -1 1 0
149 71 -1 1 0
148 71 -1 1 0
147 71 -1 1 0
146 71 -1 1 0
145 71 -1 1 0
144 71 -1 1 0
143 71 -1 1 0
142 71 -1 1 0
150 70 -1 1 0
149 70 -1 1 0
148 70 -1 1 0
147 70 -1 1 0
146 70 -1 1 0
145 70 -1 1 0
144 70 -1 1 0
143 70 -1 1 0
142 70 -1 1 0
150 69 -1 1 0
149 69 -1 1 0
148 69 -1 1 0
147 69 -1 1 0
146 69 -1 1 0
145 69 -1 1 0
144 69 -1 1 0
143 69 -1 1 0
142 69 -1 1 0
151 68 -1 1 0
150 68 -1 1 0
149 68 -1 1 0
148 68 -1 1 0
147 68 -1 1 0
146 68 -1 1 0
145 68 -1 1 0
144 68 -1 1 0
143 68 -1 1 0
142 68 -1 1 0
141 68 -1 1 0
150 67 -1 1 0
149 67 -1 1 0
148 67 -1 1 0
147 67 -1 1 0
146 67 -1 1 0
145 67 -1 1 0
144 67 -1 1 0
143 67 -1 1 0
142 67 -1 1 0
150 66 -1 1 0
149 66 -1 1 0
148 66 -1 1 0
147 66 -1 1 0
146 66 -1 1 0
145 66 -1 1 0
144 66 -1 1 0
143 66 -1 1 0
142 66 -1 1 0
150 65 -1 1 0
149 65 -1 1 0
148 65 -1 1 0
147 65 -1 1 0
146 65 -1 1 0
145 65 -1 1 0
144 65 -1 1 0
143 65 -1 1 0
142 65 -1 1 0
149 64 -1 1 0
148 64 -1 1 0
147 64 -1 1 0
146 64 -1 1 0
145 64 -1 1 0
144 64 -1 1 0
143 64 -1 1 0
146 63 -1 1 0
