162 240 240
136 120 -1 1 0
139 119 -1 1 0
138 119 -1 1 0
137 119 -1 1 0
136 119 -1 1 0
135 119 -1 1 0
134 119 -1 1 0
133 119 -1 1 0
140 118 -1 1 0
139 118 -1 1 0
138 118 -1 1 0
137 118 -1 1 0
136 118 -1 1 0
135 118 -1 1 0
134 118 -1 1 0
133 118 -1 1 0
132 118 -1 1 0
140 117 -1 1 0
139 117 -1 1 0
138 117 -1 1 0
137 117 -1 1 0
136 117 -1 1 0
135 117 -1 1 0
134 117 -1 1 0
133 117 -1 1 0
132 117 -1 1 0
140 116 -1 1 0
139 116 -1 1 0
138 116 -1 1 0
137 116 -1 1 0
136 116 -1 1 0
135 116 -1 1 0
134 116 -1 1 0
133 116 -1 1 0
132 116 -1 1 0
141 115 -1 1 0
140 115 -1 1 0
139 115 -1 1 0
138 115 -1 1 0
137 115 -1 1 0
136 115 -1 1 0
135 115 -1 1 0
134 115 -1 1 0
133 115 -1 1 0
132 115 -1 1 0
131 115 -1 1 0
140 114 -1 1 0
139 114 -1 1 0
138 114 -1 1 0
137 114 -1 1 0
136 114 -1 1 0
135 114 -1 1 0
134 114 -1 1 0
133 114 -1 1 0
132 114 -1 1 0
140 113 -1 1 0
139 113 -1 1 0
138 113 -1 1 0
137 113 -1 1 0
136 113 -1 1 0
135 113 -1 1 0
134 113 -1 1 0
133 113 -1 1 0
132 113 -1 1 0
140 112 -1 1 0
139 112 -1 1 0
138 112 -1 1 0
137 112 -1 1 0
136 112 -1 1 0
135 112 -1 1 0
134 112 -1 1 0
133 112 -1 1 0
132 112 -1 1 0
139 111 -1 1 0
138 111 -1 1 0
137 111 -1 1 0
136 111 -1 1 0
135 111 -1 1 0
134 111 -1 1 0
133 111 -1 1 0
136 110 -1 1 0
93 99 -1 0 0
96 98 -1 0 0
95 98 -1 0 0
94 98 -1 0 0
93 98 -1 0 0
92 98 -1 0 0
91 98 -1 0 0
90 98 -1 0 0
97 97 -1 0 0
96 97 -1 0 0
95 97 -1 0 0
94 97 -1 0 0
93 97 -1 0 0
92 97 -1 0 0
91 97 -1 0 0
90 97 -1 0 0
89 97 -1 0 0
97 96 -1 0 0
96 96 -1 0 0
95 96 -1 0 0
94 96 -1 0 0
93 96 -1 0 0
92 96 -1 0 0
91 96 -1 0 0
90 96 -1 0 0
89 96 -1 0 0
97 95 -1 0 0
96 95 -1 0 0
95 95 -1 0 0
94 95 -1 0 0
93 95 -1 0 0
92 95 -1 0 0
91 95 -1 0 0
90 95 -1 0 0
89 95 -1 0 0
98 94 -1 0 0
97 94 -1 0 0
96 94 -1 0 0
95 94 -1 0 0
94 94 -1 0 0
93 94 -1 0 0
92 94 -1 0 0
91 94 -1 0 0
90 94 -1 0 0
89 94 -1 0 0
88 94 -1 0 0
97 93 -1 0 0
96 93 -1 0 0
95 93 -1 0 0
94 93 -1 0 0
93 93 -1 0 0
92 93 -1 0 0
91 93 -1 0 0
90 93 -1 0 0
89 93 -1 0 0
97 92 -1 0 0
96 92 -1 0 0
95 92 -1 0 0
94 92 -1 0 0
93 92 -1 0 0
92 92 -1 0 0
91 92 -1 0 0
90 92 -1 0 0
89 92 -1 0 0
97 91 -1 0 0
96 91 -1 0 0
95 91 -1 0 0
94 91 -1 0 0
93 91 -1 0 0
92 91 -1 0 0
91 91 -1 0 0
90 91 -1 0 0
89 91 -1 0 0
96 90 -1 0 0
95 90 -1 0 0
94 90 -1 0 0
93 90 -1 0 0
92 90 -1 0 0
91 90 -1 0 0
90 90 -1 0 0
93 89 -1 0 0
