324 240 240
139 149 -1 1 0
142 148 -1 1 0
141 148 -1 1 0
140 148 -1 1 0
139 148 -1 1 0
138 148 -1 1 0
137 148 -1 1 0
136 148 -1 1 0
143 147 -1 1 0
142 147 -1 1 0
141 147 -1 1 0
140 147 -1 1 0
139 147 -1 1 0
138 147 -1 1 0
137 147 -1 1 0
136 147 -1 1 0
135 147 -1 1 0
143 146 -1 1 0
142 146 -1 1 0
141 146 -1 1 0
140 146 -1 1 0
139 146 -1 1 0
138 146 -1 1 0
137 146 -1 1 0
136 146 -1 1 0
135 146 -1 1 0
143 145 -1 1 0
142 145 -1 1 0
141 145 -1 1 0
140 145 -1 1 0
139 145 -1 1 0
138 145 -1 1 0
137 145 -1 1 0
136 145 -1 1 0
135 145 -1 1 0
144 144 -1 1 0
143 144 -1 1 0
142 144 -1 1 0
141 144 -1 1 0
140 144 -1 1 0
139 144 -1 1 0
138 144 -1 1 0
137 144 -1 1 0
136 144 -1 1 0
135 144 -1 1 0
134 144 -1 1 0
143 143 -1 1 0
142 143 -1 1 0
141 143 -1 1 0
140 143 -1 1 0
139 143 -1 1 0
138 143 -1 1 0
137 143 -1 1 0
136 143 -1 1 0
135 143 -1 1 0
143 142 -1 1 0
142 142 -1 1 0
141 142 -1 1 0
140 142 -1 1 0
139 142 -1 1 0
138 142 -1 1 0
137 142 -1 1 0
136 142 -1 1 0
135 142 -1 1 0
143 141 -1 1 0
142 141 -1 1 0
141 141 -1 1 0
140 141 -1 1 0
139 141 -1 1 0
138 141 -1 1 0
137 141 -1 1 0
136 141 -1 1 0
135 141 -1 1 0
142 140 -1 1 0
141 140 -1 1 0
140 140 -1 1 0
139 140 -1 1 0
138 140 -1 1 0
137 140 -1 1 0
136 140 -1 1 0
139 139 -1 1 0
99 132 -1 0 0
102 131 -1 0 0
101 131 -1 0 0
100 131 -1 0 0
99 131 -1 0 0
98 131 -1 0 0
97 131 -1 0 0
96 131 -1 0 0
103 130 -1 0 0
102 130 -1 0 0
101 130 -1 0 0
100 130 -1 0 0
99 130 -1 0 0
98 130 -1 0 0
97 130 -1 0 0
96 130 -1 0 0
95 130 -1 0 0
103 129 -1 0 0
102 129 -1 0 0
101 129 -1 0 0
100 129 -1 0 0
99 129 -1 0 0
98 129 -1 0 0
97 129 -1 0 0
96 129 -1 0 0
95 129 -1 0 0
103 128 -1 0 0
102 128 -1 0 0
101 128 -1 0 0
100 128 -1 0 0
99 128 -1 0 0
98 128 -1 0 0
97 128 -1 0 0
96 128 -1 0 0
95 128 -1 0 0
104 127 -1 0 0
103 127 -1 0 0
102 127 -1 0 0
101 127 -1 0 0
100 127 -1 0 0
99 127 -1 0 0
98 127 -1 0 0
97 127 -1 0 0
96 127 -1 0 0
95 127 -1 0 0
94 127 -1 0 0
103 126 -1 0 0
102 126 -1 0 0
101 126 -1 0 0
100 126 -1 0 0
99 126 -1 0 0
98 126 -1 0 0
97 126 -1 0 0
96 126 -1 0 0
95 126 -1 0 0
103 125 -1 0 0
102 125 -1 0 0
101 125 -1 0 0
100 125 -1 0 0
99 125 -1 0 0
98 125 -1 0 0
97 125 -1 0 0
96 125 -1 0 0
95 125 -1 0 0
103 124 -1 0 0
102 124 -1 0 0
101 124 -1 0 0
100 124 -1 0 0
99 124 -1 0 0
98 124 -1 0 0
97 124 -1 0 0
96 124 -1 0 0
95 124 -1 0 0
102 123 -1 0 0
101 123 -1 0 0
100 123 -1 0 0
99 123 -1 0 0
98 123 -1 0 0
97 123 -1 0 0
96 123 -1 0 0
99 122 -1 0 0
135 98 -1 1 0
138 97 -1 1 0
137 97 -1 1 0
136 97 -1 1 0
135 97 -1 1 0
134 97 -1 1 0
133 97 -1 1 0
132 97 -1 1 0
139 96 -1 1 0
138 96 -1 1 0
137 96 -1 1 0
136 96 -1 1 0
135 96 -1 1 0
134 96 -1 1 0
133 96 -1 1 0
132 96 -1 1 0
131 96 -1 1 0
139 95 -1 1 0
138 95 -1 1 0
137 95 -1 1 0
136 95 -1 1 0
135 95 -1 1 0
134 95 -1 1 0
133 95 -1 1 0
132 95 -1 1 0
131 95 -1 1 0
139 94 -1 1 0
138 94 -1 1 0
137 94 -1 1 0
136 94 -1 1 0
135 94 -1 1 0
134 94 -1 1 0
133 94 -1 1 0
132 94 -1 1 0
131 94 -1 1 0
140 93 -1 1 0
139 93 -1 1 0
138 93 -1 1 0
137 93 -1 1 0
136 93 -1 1 0
135 93 -1 1 0
134 93 -1 1 0
133 93 -1 1 0
132 93 -1 1 0
131 93 -1 1 0
130 93 -1 1 0
139 92 -1 1 0
138 92 -1 1 0
137 92 -1 1 0
136 92 -1 1 0
135 92 -1 1 0
134 92 -1 1 0
133 92 -1 1 0
132 92 -1 1 0
131 92 -1 1 0
139 91 -1 1 0
138 91 -1 1 0
137 91 -1 1 0
136 91 -1 1 0
135 91 -1 1 0
134 91 -1 1 0
133 91 -1 1 0
132 91 -1 1 0
131 91 -1 1 0
139 90 -1 1 0
138 90 -1 1 0
137 90 -1 1 0
136 90 -1 1 0
135 90 -1 1 0
134 90 -1 1 0
133 90 -1 1 0
132 90 -1 1 0
131 90 -1 1 0
138 89 -1 1 0
137 89 -1 1 0
136 89 -1 1 0
135 89 -1 1 0
134 89 -1 1 0
133 89 -1 1 0
132 89 -1 1 0
135 88 -1 1 0
66 71 -1 0 0
69 70 -1 0 0
68 70 -1 0 0
67 70 -1 0 0
66 70 -1 0 0
65 70 -1 0 0
64 70 -1 0 0
63 70 -1 0 0
70 69 -1 0 0
69 69 -1 0 0
68 69 -1 0 0
67 69 -1 0 0
66 69 -1 0 0
65 69 -1 0 0
64 69 -1 0 0
63 69 -1 0 0
62 69 -1 0 0
70 68 -1 0 0
69 68 -1 0 0
68 68 -1 0 0
67 68 -1 0 0
66 68 -1 0 0
65 68 -1 0 0
64 68 -1 0 0
63 68 -1 0 0
62 68 -1 0 0
70 67 -1 0 0
69 67 -1 0 0
68 67 -1 0 0
67 67 -1 0 0
66 67 -1 0 0
65 67 -1 0 0
64 67 -1 0 0
63 67 -1 0 0
62 67 -1 0 0
71 66 -1 0 0
70 66 -1 0 0
69 66 -1 0 0
68 66 -1 0 0
67 66 -1 0 0
66 66 -1 0 0
65 66 -1 0 0
64 66 -1 0 0
63 66 -1 0 0
62 66 -1 0 0
61 66 -1 0 0
70 65 -1 0 0
69 65 -1 0 0
68 65 -1 0 0
67 65 -1 0 0
66 65 -1 0 0
65 65 -1 0 0
64 65 -1 0 0
63 65 -1 0 0
62 65 -1 0 0
70 64 -1 0 0
69 64 -1 0 0
68 64 -1 0 0
67 64 -1 0 0
66 64 -1 0 0
65 64 -1 0 0
64 64 -1 0 0
63 64 -1 0 0
62 64 -1 0 0
70 63 -1 0 0
69 63 -1 0 0
68 63 -1 0 0
67 63 -1 0 0
66 63 -1 0 0
65 63 -1 0 0
64 63 -1 0 0
63 63 -1 0 0
62 63 -1 0 0
69 62 -1 0 0
68 62 -1 0 0
67 62 -1 0 0
66 62 -1 0 0
65 62 -1 0 0
64 62 -1 0 0
63 62 -1 0 0
66 61 -1 0 0
