486 240 240
149 190 -1 1 0
152 189 -1 1 0
151 189 -1 1 0
150 189 -1 1 0
149 189 -1 1 0
148 189 -1 1 0
147 189 -1 1 0
146 189 -1 1 0
153 188 -1 1 0
152 188 -1 1 0
151 188 -1 1 0
150 188 -1 1 0
149 188 -1 1 0
148 188 -1 1 0
147 188 -1 1 0
146 188 -1 1 0
145 188 -1 1 0
153 187 -1 1 0
152 187 -1 1 0
151 187 -1 1 0
150 187 -1 1 0
149 187 -1 1 0
148 187 -1 1 0
147 187 -1 1 0
146 187 -1 1 0
145 187 -1 1 0
153 186 -1 1 0
152 186 -1 1 0
151 186 -1 1 0
150 186 -1 1 0
149 186 -1 1 0
148 186 -1 1 0
147 186 -1 1 0
146 186 -1 1 0
145 186 -1 1 0
154 185 -1 1 0
153 185 -1 1 0
152 185 -1 1 0
151 185 -1 1 0
150 185 -1 1 0
149 185 -1 1 0
148 185 -1 1 0
147 185 -1 1 0
146 185 -1 1 0
145 185 -1 1 0
144 185 -1 1 0
153 184 -1 1 0
152 184 -1 1 0
151 184 -1 1 0
150 184 -1 1 0
149 184 -1 1 0
148 184 -1 1 0
147 184 -1 1 0
146 184 -1 1 0
145 184 -1 1 0
153 183 -1 1 0
152 183 -1 1 0
151 183 -1 1 0
150 183 -1 1 0
149 183 -1 1 0
148 183 -1 1 0
147 183 -1 1 0
146 183 -1 1 0
145 183 -1 1 0
153 182 -1 1 0
152 182 -1 1 0
151 182 -1 1 0
150 182 -1 1 0
149 182 -1 1 0
148 182 -1 1 0
147 182 -1 1 0
146 182 -1 1 0
145 182 -1 1 0
152 181 -1 1 0
151 181 -1 1 0
150 181 -1 1 0
149 181 -1 1 0
148 181 -1 1 0
147 181 -1 1 0
146 181 -1 1 0
149 180 -1 1 0
159 174 -1 1 0
162 173 -1 1 0
161 173 -1 1 0
160 173 -1 1 0
159 173 -1 1 0
158 173 -1 1 0
157 173 -1 1 0
156 173 -1 1 0
163 172 -1 1 0
162 172 -1 1 0
161 172 -1 1 0
160 172 -1 1 0
159 172 -1 1 0
158 172 -1 1 0
157 172 -1 1 0
156 172 -1 1 0
155 172 -1 1 0
163 171 -1 1 0
162 171 -1 1 0
161 171 -1 1 0
160 171 -1 1 0
159 171 -1 1 0
158 171 -1 1 0
157 171 -1 1 0
156 171 -1 1 0
155 171 -1 1 0
163 170 -1 1 0
162 170 -1 1 0
161 170 -1 1 0
160 170 -1 1 0
159 170 -1 1 0
158 170 -1 1 0
157 170 -1 1 0
156 170 -1 1 0
155 170 -1 1 0
164 169 -1 1 0
163 169 -1 1 0
162 169 -1 1 0
161 169 -1 1 0
160 169 -1 1 0
159 169 -1 1 0
158 169 -1 1 0
157 169 -1 1 0
156 169 -1 1 0
155 169 -1 1 0
154 169 -1 1 0
163 168 -1 1 0
162 168 -1 1 0
161 168 -1 1 0
160 168 -1 1 0
159 168 -1 1 0
158 168 -1 1 0
157 168 -1 1 0
156 168 -1 1 0
155 168 -1 1 0
163 167 -1 1 0
162 167 -1 1 0
161 167 -1 1 0
160 167 -1 1 0
159 167 -1 1 0
158 167 -1 1 0
157 167 -1 1 0
156 167 -1 1 0
155 167 -1 1 0
163 166 -1 1 0
162 166 -1 1 0
161 166 -1 1 0
160 166 -1 1 0
159 166 -1 1 0
158 166 -1 1 0
157 166 -1 1 0
156 166 -1 1 0
155 166 -1 1 0
162 165 -1 1 0
161 165 -1 1 0
160 165 -1 1 0
159 165 -1 1 0
158 165 -1 1 0
157 165 -1 1 0
156 165 -1 1 0
159 164 -1 1 0
162 148 -1 1 0
165 147 -1 1 0
164 147 -1 1 0
163 147 -1 1 0
162 147 -1 1 0
161 147 -1 1 0
160 147 -1 1 0
159 147 -1 1 0
166 146 -1 1 0
165 146 -1 1 0
164 146 -1 1 0
163 146 -1 1 0
162 146 -1 1 0
161 146 -1 1 0
160 146 -1 1 0
159 146 -1 1 0
158 146 -1 1 0
166 145 -1 1 0
165 145 -1 1 0
164 145 -1 1 0
163 145 -1 1 0
162 145 -1 1 0
161 145 -1 1 0
160 145 -1 1 0
159 145 -1 1 0
158 145 -1 1 0
166 144 -1 1 0
165 144 -1 1 0
164 144 -1 1 0
163 144 -1 1 0
162 144 -1 1 0
161 144 -1 1 0
160 144 -1 1 0
159 144 -1 1 0
158 144 -1 1 0
167 143 -1 1 0
166 143 -1 1 0
165 143 -1 1 0
164 143 -1 1 0
163 143 -1 1 0
162 143 -1 1 0
161 143 -1 1 0
160 143 -1 1 0
159 143 -1 1 0
158 143 -1 1 0
157 143 -1 1 0
166 142 -1 1 0
165 142 -1 1 0
164 142 -1 1 0
163 142 -1 1 0
162 142 -1 1 0
161 142 -1 1 0
160 142 -1 1 0
159 142 -1 1 0
158 142 -1 1 0
166 141 -1 1 0
165 141 -1 1 0
164 141 -1 1 0
163 141 -1 1 0
162 141 -1 1 0
161 141 -1 1 0
160 141 -1 1 0
159 141 -1 1 0
158 141 -1 1 0
65 141 -1 0 0
166 140 -1 1 0
165 140 -1 1 0
164 140 -1 1 0
163 140 -1 1 0
162 140 -1 1 0
161 140 -1 1 0
160 140 -1 1 0
159 140 -1 1 0
158 140 -1 1 0
68 140 -1 0 0
67 140 -1 0 0
66 140 -1 0 0
65 140 -1 0 0
64 140 -1 0 0
63 140 -1 0 0
62 140 -1 0 0
165 139 -1 1 0
164 139 -1 1 0
163 139 -1 1 0
162 139 -1 1 0
161 139 -1 1 0
160 139 -1 1 0
159 139 -1 1 0
69 139 -1 0 0
68 139 -1 0 0
67 139 -1 0 0
66 139 -1 0 0
65 139 -1 0 0
64 139 -1 0 0
63 139 -1 0 0
62 139 -1 0 0
61 139 -1 0 0
162 138 -1 1 0
69 138 -1 0 0
68 138 -1 0 0
67 138 -1 0 0
66 138 -1 0 0
65 138 -1 0 0
64 138 -1 0 0
63 138 -1 0 0
62 138 -1 0 0
61 138 -1 0 0
69 137 -1 0 0
68 137 -1 0 0
67 137 -1 0 0
66 137 -1 0 0
65 137 -1 0 0
64 137 -1 0 0
63 137 -1 0 0
62 137 -1 0 0
61 137 -1 0 0
70 136 -1 0 0
69 136 -1 0 0
68 136 -1 0 0
67 136 -1 0 0
66 136 -1 0 0
65 136 -1 0 0
64 136 -1 0 0
63 136 -1 0 0
62 136 -1 0 0
61 136 -1 0 0
60 136 -1 0 0
69 135 -1 0 0
68 135 -1 0 0
67 135 -1 0 0
66 135 -1 0 0
65 135 -1 0 0
64 135 -1 0 0
63 135 -1 0 0
62 135 -1 0 0
61 135 -1 0 0
69 134 -1 0 0
68 134 -1 0 0
67 134 -1 0 0
66 134 -1 0 0
65 134 -1 0 0
64 134 -1 0 0
63 134 -1 0 0
62 134 -1 0 0
61 134 -1 0 0
69 133 -1 0 0
68 133 -1 0 0
67 133 -1 0 0
66 133 -1 0 0
65 133 -1 0 0
64 133 -1 0 0
63 133 -1 0 0
62 133 -1 0 0
61 133 -1 0 0
68 132 -1 0 0
67 132 -1 0 0
66 132 -1 0 0
65 132 -1 0 0
64 132 -1 0 0
63 132 -1 0 0
62 132 -1 0 0
65 131 -1 0 0
138 120 -1 0 0
141 119 -1 0 0
140 119 -1 0 0
139 119 -1 0 0
138 119 -1 0 0
137 119 -1 0 0
136 119 -1 0 0
135 119 -1 0 0
142 118 -1 0 0
141 118 -1 0 0
140 118 -1 0 0
139 118 -1 0 0
138 118 -1 0 0
137 118 -1 0 0
136 118 -1 0 0
135 118 -1 0 0
134 118 -1 0 0
142 117 -1 0 0
141 117 -1 0 0
140 117 -1 0 0
139 117 -1 0 0
138 117 -1 0 0
137 117 -1 0 0
136 117 -1 0 0
135 117 -1 0 0
134 117 -1 0 0
142 116 -1 0 0
141 116 -1 0 0
140 116 -1 0 0
139 116 -1 0 0
138 116 -1 0 0
137 116 -1 0 0
136 116 -1 0 0
135 116 -1 0 0
134 116 -1 0 0
143 115 -1 0 0
142 115 -1 0 0
141 115 -1 0 0
140 115 -1 0 0
139 115 -1 0 0
138 115 -1 0 0
137 115 -1 0 0
136 115 -1 0 0
135 115 -1 0 0
134 115 -1 0 0
133 115 -1 0 0
142 114 -1 0 0
141 114 -1 0 0
140 114 -1 0 0
139 114 -1 0 0
138 114 -1 0 0
137 114 -1 0 0
136 114 -1 0 0
135 114 -1 0 0
134 114 -1 0 0
142 113 -1 0 0
141 113 -1 0 0
140 113 -1 0 0
139 113 -1 0 0
138 113 -1 0 0
137 113 -1 0 0
136 113 -1 0 0
135 113 -1 0 0
134 113 -1 0 0
142 112 -1 0 0
141 112 -1 0 0
140 112 -1 0 0
139 112 -1 0 0
138 112 -1 0 0
137 112 -1 0 0
136 112 -1 0 0
135 112 -1 0 0
134 112 -1 0 0
141 111 -1 0 0
140 111 -1 0 0
139 111 -1 0 0
138 111 -1 0 0
137 111 -1 0 0
136 111 -1 0 0
135 111 -1 0 0
138 110 -1 0 0
93 75 -1 0 0
96 74 -1 0 0
95 74 -1 0 0
94 74 -1 0 0
93 74 -1 0 0
92 74 -1 0 0
91 74 -1 0 0
90 74 -1 0 0
97 73 -1 0 0
96 73 -1 0 0
95 73 -1 0 0
94 73 -1 0 0
93 73 -1 0 0
92 73 -1 0 0
91 73 -1 0 0
90 73 -1 0 0
89 73 -1 0 0
97 72 -1 0 0
96 72 -1 0 0
95 72 -1 0 0
94 72 -1 0 0
93 72 -1 0 0
92 72 -1 0 0
91 72 -1 0 0
90 72 -1 0 0
89 72 -1 0 0
97 71 -1 0 0
96 71 -1 0 0
95 71 -1 0 0
94 71 -1 0 0
93 71 -1 0 0
92 71 -1 0 0
91 71 -1 0 0
90 71 -1 0 0
89 71 -1 0 0
98 70 -1 0 0
97 70 -1 0 0
96 70 -1 0 0
95 70 -1 0 0
94 70 -1 0 0
93 70 -1 0 0
92 70 -1 0 0
91 70 -1 0 0
90 70 -1 0 0
89 70 -1 0 0
88 70 -1 0 0
97 69 -1 0 0
96 69 -1 0 0
95 69 -1 0 0
94 69 -1 0 0
93 69 -1 0 0
92 69 -1 0 0
91 69 -1 0 0
90 69 -1 0 0
89 69 -1 0 0
97 68 -1 0 0
96 68 -1 0 0
95 68 -1 0 0
94 68 -1 0 0
93 68 -1 0 0
92 68 -1 0 0
91 68 -1 0 0
90 68 -1 0 0
89 68 -1 0 0
97 67 -1 0 0
96 67 -1 0 0
95 67 -1 0 0
94 67 -1 0 0
93 67 -1 0 0
92 67 -1 0 0
91 67 -1 0 0
90 67 -1 0 0
89 67 -1 0 0
96 66 -1 0 0
95 66 -1 0 0
94 66 -1 0 0
93 66 -1 0 0
92 66 -1 0 0
91 66 -1 0 0
90 66 -1 0 0
93 65 -1 0 0
